Javier;0;0;5;0;0;0;0;0;0;0;0;0;0;
Muhammad;0;7;7;12;13;16;16;18;20;18;19;15;36.9899519668;
Jeff;0;8;0;0;0;0;0;0;0;0;0;0;0;
Kenzo;0;0;0;0;0;0;0;0;0;0;5;0;5.0676435351;
Frederick;0;9;5;0;5;6;5;5;7;0;6;9;5.08127703773;
Jadon;7;0;0;5;5;0;8;6;7;0;0;0;0;
Alistair;0;0;0;0;0;7;7;0;0;7;7;5;13.2645386676;
Avijot;0;0;0;0;0;0;0;0;5;0;0;0;0;
Rian;0;0;0;0;0;0;0;0;6;0;0;5;2.32887126727;
Madden;0;0;0;0;0;0;0;0;16;13;9;10;21.0471760437;
Vikram;0;0;5;0;0;0;0;0;0;0;0;0;0;
Hamish;6;5;5;0;5;0;0;0;0;0;0;6;0;
Johnathan;10;8;11;14;15;9;11;8;7;11;10;13;15.4443370359;
Maddex;0;0;0;0;5;0;0;0;0;6;0;0;5.24940628932;
Antoine;0;0;0;0;0;0;6;7;0;0;0;0;0;
Raine;0;0;0;0;0;6;0;0;5;0;0;0;0.920759780766;
Albert;12;10;8;6;7;5;7;9;7;0;0;6;0;
Dylan;185;160;179;164;153;117;135;113;134;97;91;113;2.04677847909;
Chance;7;7;0;8;11;12;7;0;11;14;7;7;19.2853510436;
Finlay;0;0;0;0;5;8;8;9;7;14;6;8;18.4641510668;
Mohammad;0;6;6;0;15;8;13;10;6;7;13;16;23.7905686236;
Spencer;79;74;49;52;43;37;35;28;28;33;30;32;0;
Kadin;0;0;6;5;0;7;0;0;0;0;0;0;2.96206923136;
Matt;0;0;0;0;0;0;0;0;5;0;5;7;11.432567787;
Tristyn;0;0;0;0;0;0;0;0;5;0;0;0;0;
Quinn;43;32;44;38;33;50;25;29;43;34;30;30;29.9939891991;
Darien;11;0;5;0;0;0;0;0;0;7;0;0;0;
Stanley;9;13;8;8;10;9;6;7;8;0;13;6;4.92800217245;
Jadyn;0;5;0;0;0;0;0;0;0;0;0;0;0;
Terrence;0;6;0;5;0;0;0;0;8;5;5;5;7.31733307471;
Barrett;0;0;0;0;0;0;0;0;0;0;0;6;4.37358641506;
Crosby;0;0;0;0;0;0;0;0;0;9;0;0;4.47636387555;
Gurveer;0;5;7;5;6;0;8;7;5;0;0;0;0;
Collin;8;6;8;0;0;0;0;7;0;7;5;0;0;
Deklan;0;0;0;0;6;0;0;0;0;0;0;0;3.18381707431;
Maxim;0;0;8;10;7;6;11;12;11;16;13;15;30.3035897795;
Roger;7;0;0;0;0;0;0;0;0;5;0;5;1.6592230873;
Caelan;5;0;0;5;0;7;7;5;9;5;13;6;15.504752239;
F;0;0;0;0;0;0;0;0;6;0;0;0;0;
Chad;9;10;12;11;0;0;0;9;0;0;0;5;0;
Liam;214;180;199;165;180;200;211;193;286;263;263;264;289.538265779;
Olin;0;0;0;0;0;0;0;0;0;0;5;0;5.0676435351;
Filip;0;0;0;6;0;0;5;0;0;0;0;0;2.26113712835;
Callan;0;0;0;0;0;0;0;0;0;0;5;0;5.0676435351;
Jake;46;40;45;35;56;51;39;48;77;63;52;47;67.5851693081;
Bowen;5;0;5;5;6;5;8;6;10;11;0;18;16.5475236743;
Dalen;0;0;0;0;0;0;5;0;0;0;0;0;0;
Carlos;9;12;5;6;12;9;11;8;0;11;6;6;5.20204708033;
Grady;8;0;6;8;5;8;16;20;16;13;13;12;12.6194903677;
Felix;16;13;15;11;19;17;22;26;26;42;39;39;73.737260766;
Jaxton;0;0;0;0;0;0;0;0;5;0;0;0;0;
Chaz;0;0;0;0;0;5;0;0;0;0;0;0;1.11351612759;
Aydin;0;0;0;0;0;0;6;5;10;6;0;5;3.05001207557;
Edward;23;25;35;28;24;30;31;30;31;29;31;27;30.998305389;
Anderson;0;0;0;0;0;12;8;8;12;9;6;13;17.4803288084;
Jared;78;52;36;30;18;27;24;19;13;10;17;12;0;
Bailey;14;16;10;11;9;5;6;0;0;0;0;0;0;
Mantaj;0;0;0;5;0;0;0;0;0;8;5;0;7.89312440595;
Ruben;0;0;6;0;0;0;0;0;5;0;0;0;0;
Byron;5;10;7;0;0;0;0;5;0;5;7;0;0;
Brayden;56;81;80;75;65;74;94;65;69;73;76;74;71.8942135253;
Jashan;0;0;0;7;0;6;0;0;0;5;7;0;10.2728547798;
Harnoor;0;0;0;0;0;0;0;0;0;5;0;0;2.48686881901;
Damon;16;16;13;16;18;14;11;16;11;16;20;15;20.9547629075;
Jasdeep;5;0;0;0;0;0;0;0;7;0;0;0;0;
Levi;43;32;40;36;44;45;39;66;80;85;80;79;124.629423974;
Keanan;0;0;0;0;0;5;0;0;0;0;0;0;1.11351612759;
Fenton;0;0;0;0;0;0;5;0;0;0;0;0;0;
Ryan;245;194;231;234;206;191;191;182;173;163;148;152;73.2740263643;
Gurjaap;0;0;0;0;0;0;0;0;0;0;7;0;7.09470111567;
Austyn;0;0;5;0;6;0;6;0;0;0;0;0;1.50748546091;
Tony;11;11;14;15;6;10;9;0;0;11;10;0;4.75656701027;
Trace;0;0;0;0;0;0;7;10;7;0;0;5;0.658552125657;
Kieran;25;25;41;31;37;28;28;29;26;16;26;23;25.0425119704;
Gabriel;73;79;85;82;84;79;87;102;94;105;93;95;111.91780217;
Quinlan;0;0;5;0;6;0;0;0;0;5;0;0;3.34484230816;
Cade;13;10;11;6;8;0;9;12;6;0;7;6;0;
Jaxx;0;0;0;0;0;0;0;0;0;0;0;5;3.6446554132;
Aaden;0;0;0;0;0;0;0;9;13;0;0;0;0;
Shane;19;22;20;10;13;17;21;13;17;7;16;9;0;
Peyton;0;5;7;8;8;11;22;22;16;13;10;10;10.407425195;
Deven;0;0;0;5;0;0;6;0;0;5;0;0;3.55659399644;
Kai;36;50;56;64;71;75;58;84;78;96;74;65;118.333610319;
Gus;0;0;0;0;0;0;0;0;0;0;5;0;5.0676435351;
Skylar;7;7;7;12;6;6;0;6;0;5;14;0;8.2777365845;
Maxwell;47;44;32;52;35;43;36;33;41;36;42;47;46.1723510739;
Zion;0;5;0;0;0;0;0;6;0;0;0;6;0;
Kellan;0;0;0;0;0;0;0;0;8;0;8;8;15.4832046408;
Mohamed;9;8;0;6;0;0;5;6;0;0;7;0;0;
Jace;9;0;8;11;15;18;10;18;20;22;34;47;74.266619334;
Milan;5;0;8;6;8;0;5;7;7;0;6;10;12.6159159124;
Charlie;6;8;5;22;24;19;32;38;28;42;39;29;79.0507446825;
Jaylen;0;0;0;0;0;0;0;5;0;0;0;0;0;
Reed;0;7;0;0;0;0;0;7;9;11;5;7;8.26652660362;
Kegan;0;0;0;0;0;0;7;0;0;0;0;0;0;
Jai;6;0;0;6;0;0;5;9;10;0;8;8;3.62999343324;
William;159;167;146;147;159;151;166;153;164;176;154;133;136.651358325;
Warren;6;6;0;10;0;7;7;6;9;0;8;6;3.67292344203;
Matthew;320;298;271;259;241;225;206;198;203;162;157;139;0;
Jack;91;95;111;122;143;134;173;158;148;137;166;163;233.922769146;
Kyler;0;9;12;6;11;7;9;11;22;6;11;12;14.9173323153;
Brendon;11;6;5;5;0;0;0;0;0;0;0;0;0;
Mathias;0;7;0;9;17;8;7;7;8;6;9;0;16.648703695;
Dustin;22;21;13;5;18;16;9;15;11;12;8;7;0;
Lukas;23;21;16;28;46;46;67;65;41;49;49;43;72.7368026964;
Ross;5;7;0;0;6;0;0;5;0;0;6;0;0;
Walter;0;0;8;0;0;0;6;0;5;9;10;0;9.53463396758;
Sartaj;0;5;0;5;0;0;0;0;6;0;8;0;4.39416619237;
Dax;0;0;0;0;0;0;6;7;8;6;6;8;6.35722313297;
Gurkirat;0;6;0;0;0;5;0;0;0;5;0;0;0;
Damion;0;5;0;0;0;0;0;0;0;0;0;0;0;
Will;0;5;0;6;8;10;11;7;10;0;0;7;5.54291340694;
Ty;24;43;47;50;53;39;28;25;34;22;17;20;19.4033027415;
Manveer;0;0;5;0;0;7;0;0;0;0;5;0;6.37147804968;
Caiden;5;0;0;5;0;7;9;7;11;14;8;0;8.56663842151;
Nathanael;0;5;8;8;5;5;7;7;6;6;5;6;8.26657453048;
Gregory;19;14;11;13;14;7;10;11;7;9;10;14;5.41868597933;
Taiyo;0;0;0;0;0;0;0;0;5;0;0;0;0;
Malcolm;24;18;21;20;18;25;11;22;18;15;16;12;4.79559543573;
Xavier;14;19;30;27;27;29;37;37;43;42;37;30;53.196291341;
Darcy;10;6;0;0;0;0;0;0;0;0;0;0;0;
Harvir;0;5;7;0;5;6;7;6;0;0;0;0;0;
Gurjot;10;11;8;0;0;11;8;5;0;7;0;0;0;
Cristiano;0;0;0;0;0;7;0;9;8;5;0;5;1.65839069484;
Travis;48;28;26;22;33;26;29;19;23;24;18;28;9.36395888702;
Finnley;0;0;0;0;0;5;0;0;14;11;11;0;15.4813241308;
Kristopher;6;5;7;0;0;0;0;5;0;0;5;0;0;
Malachi;8;9;0;8;12;14;14;9;8;8;10;12;15.0596801052;
Jaeden;5;6;0;0;0;0;5;5;5;0;5;0;0;
Roland;0;0;0;6;0;0;0;11;0;6;0;0;0.903281491595;
Reagan;0;0;5;0;0;0;0;5;0;0;0;0;0;
Denver;0;0;0;0;0;0;0;5;0;0;0;0;0;
Rafael;0;0;0;0;0;7;5;0;8;0;7;0;6.6280252835;
Timothy;40;45;33;32;27;28;26;36;22;22;26;20;0;
River;6;5;5;15;7;9;10;9;17;24;14;15;30.3400699883;
Edison;0;0;9;9;6;0;0;0;0;5;0;11;11.8283870112;
Allen;10;5;7;0;15;8;0;0;11;0;6;8;9.8773186727;
Braeden;25;25;30;21;23;19;20;13;17;12;13;9;0;
Euan;0;5;0;5;0;5;0;0;6;0;0;0;0;
Tiago;0;0;0;0;6;0;0;5;0;5;0;0;4.50289948447;
Grayden;0;0;0;0;5;5;0;0;6;0;0;0;5.58071481171;
Lachlan;8;9;14;10;7;9;19;16;17;20;14;22;19.4132114436;
Keanu;6;0;6;0;0;0;5;0;0;0;0;0;0;
Remington;0;0;0;0;0;0;0;0;0;0;5;0;5.0676435351;
Prabhjot;0;0;0;8;6;0;0;0;0;0;0;0;3.77275479037;
Davyn;0;0;0;0;0;0;0;0;0;0;0;5;3.6446554132;
Shaan;0;0;9;0;5;0;8;9;6;10;0;6;4.64024123825;
Patrick;36;32;28;23;36;33;27;31;33;29;20;32;20.2553604426;
Kelly;6;5;5;7;5;0;0;0;0;0;0;0;0;
Noel;7;9;0;0;0;0;0;0;0;0;6;0;0;
Leif;10;6;7;0;8;8;8;9;14;8;5;13;7.23412838104;
Thor;0;0;0;0;0;0;0;0;0;5;6;0;7.38638634293;
Dalton;12;13;9;7;6;0;7;8;9;0;0;7;0;
Rajvir;0;5;5;0;7;0;0;6;0;0;0;0;0;
Zackery;11;6;8;10;11;7;0;0;6;0;5;0;2.54514321106;
Korbin;0;0;0;0;0;0;5;0;0;0;0;0;0;
Cassius;0;0;0;0;0;5;9;0;10;0;0;5;3.02488486819;
Caden;14;21;28;30;17;38;30;22;26;32;16;14;22.6403313496;
Eden;0;0;0;0;0;0;0;0;0;0;6;0;6.08117224113;
Camden;0;0;0;0;0;0;0;9;5;0;8;0;2.435393927;
Carson;70;64;72;60;52;77;69;62;60;79;66;66;62.2020267859;
Kash;0;0;0;0;0;0;5;5;9;0;8;9;9.06363598441;
Finley;0;5;6;11;15;18;10;16;20;21;21;15;42.8887240921;
Kaleb;29;35;42;36;45;38;54;43;31;35;36;36;38.5553876015;
Graydon;5;0;0;0;0;0;5;10;9;5;0;5;0.404021789578;
Reilly;11;5;0;0;0;0;0;0;5;5;0;0;0;
Raven;5;0;0;0;5;0;0;0;0;0;0;0;0;
Jordon;0;8;0;5;6;6;0;5;6;0;0;0;0;
Andre;6;9;7;21;7;6;8;7;11;10;10;5;10.5837198182;
Harshaan;0;0;0;0;0;0;0;5;8;5;10;7;14.687627827;
Aayan;0;0;0;0;0;5;0;0;0;0;5;0;5.32194087258;
Yahya;0;0;0;0;0;0;0;0;5;0;0;0;0;
Drayden;0;6;0;0;0;0;0;6;0;0;0;7;0;
Markus;12;37;48;42;35;52;44;31;26;30;24;24;38.3912648977;
Mikhail;0;0;0;0;0;0;0;0;0;5;0;0;2.48686881901;
Porter;0;0;0;0;5;0;0;0;7;6;6;0;9.49378988651;
Boden;0;0;0;0;0;0;0;0;5;0;0;0;0;
Theodore;6;15;12;10;16;16;18;13;25;25;38;35;67.0967229318;
Jerome;0;9;6;8;7;6;0;6;0;5;0;7;6.33366063912;
Lennox;0;0;0;0;0;0;0;0;8;10;6;7;15.0594700561;
Hudson;9;11;17;25;21;26;43;44;62;68;83;88;176.883471243;
Amit;6;8;0;0;0;0;0;0;0;0;0;0;0;
Kameron;5;0;0;0;0;0;5;11;0;0;0;0;0;
Amir;0;5;0;0;5;0;0;0;0;0;0;0;0.662963783665;
Neo;0;0;6;0;0;0;0;0;0;0;0;5;2.84640958287;
Jensen;0;0;0;0;0;0;0;0;0;0;6;9;11.6392991199;
Sahaj;0;0;0;0;0;0;0;0;0;5;0;0;2.48686881901;
Calum;7;12;6;7;5;0;5;6;7;8;7;6;2.52695154553;
Arman;13;10;11;10;12;7;13;18;14;10;7;12;5.24141910322;
Callen;0;0;0;0;0;0;0;0;0;5;5;5;11.2380206818;
Aarush;0;0;0;0;0;0;0;0;5;0;0;0;0;
Samson;5;6;0;0;0;9;0;5;0;0;0;0;0;
Weston;0;0;0;7;9;0;0;9;9;23;20;27;52.644060319;
Seth;49;58;49;52;44;52;51;48;44;38;41;33;14.8881560445;
Fynn;5;0;0;0;0;0;0;0;0;7;0;5;4.63488319327;
Wesley;26;23;31;16;30;16;20;27;25;29;31;32;35.3586421121;
Maxime;0;0;0;0;0;0;0;0;5;8;0;0;4.01199397464;
Roderick;0;0;0;0;0;0;0;0;0;0;5;0;5.0676435351;
Jonathon;7;5;5;8;0;0;6;5;0;0;0;0;0;
Michael;209;159;160;126;119;118;104;99;91;99;94;92;0;
Paul;18;19;24;23;23;17;22;15;23;25;13;9;12.1596810313;
Tye;6;5;8;11;5;5;0;0;0;0;0;9;6.29054858178;
Kylan;0;0;0;0;7;0;0;0;0;0;0;9;9.03054421338;
Artin;0;0;0;0;0;0;0;0;5;0;0;5;2.01937536592;
Kenneth;23;24;23;19;24;10;20;16;14;10;17;16;0.997930099759;
Soren;0;0;0;11;7;5;9;11;6;10;6;7;20.8441756099;
Jaxon;17;16;16;19;24;37;31;43;66;65;67;87;163.411883509;
Cameron;128;129;117;114;92;90;89;80;82;60;66;54;0;
Aleksander;0;0;0;0;0;0;0;0;0;0;6;0;6.08117224113;
Cedar;0;0;0;0;0;0;0;7;6;0;9;7;8.41111489926;
Izaiah;0;0;0;0;0;0;0;0;5;0;0;0;0;
Roy;7;0;7;7;6;10;8;0;0;7;7;7;11.4534183016;
Forrest;0;0;0;0;7;0;0;0;0;5;0;0;5.82353130257;
Wayne;5;0;6;0;0;0;5;0;0;0;6;0;0;
Graeme;20;11;9;8;8;10;6;9;7;9;0;5;0;
Darryl;0;0;0;0;0;5;0;0;0;0;0;0;1.11351612759;
Cody;64;49;47;40;47;35;28;29;31;27;29;17;0;
Reese;7;11;10;9;9;0;0;7;7;0;0;0;0;
Eamon;0;0;0;6;0;0;5;0;0;0;0;0;2.26113712835;
Parker;31;39;31;36;48;49;45;61;56;53;56;82;97.987382851;
London;0;0;0;0;0;0;9;5;9;5;5;8;6.7897385837;
Silas;6;17;15;17;10;16;23;32;27;26;36;44;54.3733447451;
Ranveer;0;0;0;0;0;0;0;9;7;0;0;7;0.549719092703;
Harman;20;14;20;15;23;17;11;10;12;11;11;10;12.7496436431;
Steven;47;44;36;35;25;26;24;26;24;19;11;22;0;
Kohen;0;0;0;5;6;0;11;20;7;12;9;9;9.99691066783;
Gurnoor;0;0;0;6;5;9;0;0;0;0;8;7;13.5495545132;
Dawson;48;59;36;39;37;30;35;23;15;26;24;19;0;
Marek;0;0;0;0;5;6;7;8;8;6;0;0;0.536693026727;
Nixon;0;0;0;0;0;0;5;0;16;13;20;24;47.8284096131;
Aries;0;0;0;0;0;0;0;0;0;0;5;0;5.0676435351;
Skyler;14;11;10;8;6;9;5;11;13;17;11;13;11.0030835758;
Jaydon;7;7;0;7;0;0;0;5;10;0;0;6;0;
Adrian;43;24;33;35;41;33;39;28;31;39;32;35;40.9806604826;
Keagan;0;9;8;10;7;10;5;15;10;9;10;6;11.8820258955;
Arvin;0;9;9;8;7;6;9;10;12;7;14;16;21.9007636544;
Tyrese;7;6;0;0;0;8;0;0;0;0;0;0;0;
Akash;8;10;6;7;0;5;0;0;0;0;6;0;0;
Maximilian;5;5;7;10;9;6;20;10;11;16;6;11;10.812480627;
Mehtaab;0;0;0;0;0;0;5;0;5;8;0;0;2.93201736193;
Ivan;18;16;25;18;17;24;23;17;21;29;21;24;32.5319818108;
Jesse;54;53;45;67;68;68;48;57;62;48;40;44;56.3583102445;
Lennon;0;0;0;0;0;0;0;0;5;5;0;0;2.61589017531;
Miles;16;6;11;11;20;14;18;19;19;31;26;24;50.552909371;
Kaiden;8;15;15;24;29;27;35;38;40;33;39;25;59.9272145219;
Zachery;5;12;10;5;8;0;0;8;6;0;0;5;0;
Ace;0;0;0;0;0;0;0;0;0;6;0;0;2.98424258339;
Karter;0;0;0;0;0;5;8;6;0;10;13;6;19.6817987572;
Fraser;9;8;11;7;12;0;12;7;8;12;0;9;0.841598332562;
Gurkaran;5;7;6;0;6;0;5;5;0;0;0;0;0;
Emerson;0;0;0;6;6;8;7;13;11;7;20;13;34.6652161776;
Reid;21;18;15;17;24;20;26;15;33;36;33;25;49.2080731949;
Dante;16;21;19;13;10;15;12;22;24;15;8;16;4.64071106885;
Parsa;0;0;6;0;0;0;0;5;0;0;0;0;0;
Matin;0;0;0;0;0;0;0;0;5;0;0;0;0;
Manjot;0;0;0;7;0;0;0;6;0;5;0;0;2.39039086932;
Lochlan;5;0;5;6;6;0;12;6;10;17;18;14;32.3054177728;
Glenn;7;0;0;0;0;0;0;0;0;0;0;0;0;
Boston;0;5;0;0;0;0;0;0;6;0;0;0;0;
Johnny;5;9;5;10;6;9;14;8;12;7;6;0;0;
Brody;35;29;36;40;45;45;60;73;63;49;49;46;48.4518659158;
Henrik;0;0;0;0;0;0;0;0;0;6;12;0;13.299853468;
Kabir;0;9;7;7;8;15;8;12;9;9;13;11;22.2443731332;
Kurt;7;0;0;0;0;0;0;0;0;0;0;0;0;
Ali;12;15;11;15;11;18;9;14;9;14;14;11;16.7297389996;
Lynden;0;0;5;0;0;0;0;11;9;8;6;9;10.6303828762;
Noah;144;141;145;147;179;181;231;189;205;190;175;193;225.935185022;
Cory;7;8;5;7;6;5;7;5;0;0;0;8;0;
Dion;0;0;0;0;0;0;10;0;0;0;0;0;0;
Brendan;68;60;55;64;43;40;53;32;28;23;20;9;0;
Navraj;8;0;0;8;0;0;5;0;7;0;6;0;0;
Veer;0;0;0;0;6;0;0;0;0;0;6;6;10.6611846184;
Slade;0;0;0;0;0;0;0;6;6;0;0;0;0;
Abel;0;0;0;0;0;0;0;0;0;0;5;12;12.8972830307;
Jermaine;0;6;0;0;0;0;0;0;0;0;0;0;0;
Dimitri;0;6;0;6;0;0;0;0;0;6;0;0;0.40294502928;
Jaxxon;0;0;0;0;0;0;0;0;0;0;8;6;11.5660940209;
Joban;0;5;7;5;0;8;0;5;5;0;8;0;3.1932799602;
Rajveer;5;0;0;0;5;0;0;0;0;0;0;0;0;
Jaskirat;10;6;0;5;7;6;0;0;0;0;0;0;0;
Sonny;0;0;0;0;0;0;0;5;0;0;0;0;0;
Ryden;0;0;0;0;0;0;0;0;0;0;6;0;6.08117224113;
Wilson;7;9;7;11;9;5;10;5;8;6;7;9;9.99942430885;
Harshdeep;0;5;0;5;0;0;0;0;0;0;0;0;0;
Ronin;0;0;0;13;5;5;11;13;16;11;15;11;28.4183539947;
Draven;0;0;0;0;0;0;0;0;6;0;0;0;0;
Manroop;0;0;0;0;0;0;0;0;0;5;0;0;2.48686881901;
Flynn;0;0;0;0;0;5;0;0;0;0;6;6;9.47518572939;
Matias;7;6;7;5;6;6;11;7;15;15;10;5;10.9652773873;
Ronik;0;0;0;0;0;0;0;0;0;0;0;6;4.37358641506;
Arlen;0;0;0;0;0;0;0;0;0;0;6;6;9.61267893513;
Clyde;0;0;0;0;0;0;5;0;0;0;0;0;0;
Trent;14;19;15;12;10;6;7;9;7;7;7;6;0;
Chace;0;0;0;0;0;0;0;0;12;10;0;0;5.33954705808;
Malik;5;0;0;0;8;0;0;0;6;0;8;6;12.5383586537;
Toby;5;0;0;0;0;0;7;0;7;6;8;7;10.0975378058;
Kavan;0;0;0;0;0;0;0;0;0;0;0;5;3.6446554132;
Clayton;27;17;16;15;15;8;9;13;12;5;10;11;0;
Ryder;10;9;11;41;58;60;93;87;108;102;128;124;270.853916948;
Tobias;0;8;8;6;0;9;9;12;14;9;6;15;8.90626411423;
Devon;47;41;38;38;28;25;25;16;28;19;22;11;0;
Teo;0;0;0;0;0;0;0;5;0;0;0;8;4.15224688953;
Brent;9;0;0;6;0;0;7;0;5;6;0;0;0;
Fisher;0;0;0;0;0;0;6;0;8;0;5;5;5.36204137834;
Jason;93;76;76;65;67;71;59;56;60;56;44;47;0;
Ricardo;0;0;5;0;0;0;0;0;0;0;0;0;0;
John;104;77;63;75;70;73;72;70;60;69;76;55;40.4197505999;
Axel;0;0;0;0;5;6;0;10;6;8;13;8;26.3229025021;
Parteek;0;0;0;0;0;0;0;0;0;0;5;0;5.0676435351;
Dominic;24;38;42;48;44;56;65;59;72;68;64;74;116.241187907;
Sidney;0;0;0;0;0;0;0;0;6;6;8;0;9.23940704973;
Shawn;26;10;21;18;18;23;10;23;18;14;16;9;3.47917162322;
Eugene;10;5;8;6;0;0;11;0;10;0;0;7;0;
Landon;13;23;30;38;39;43;60;57;61;63;61;66;124.660996399;
Corban;0;0;0;0;0;5;0;0;0;0;0;0;1.11351612759;
Kalan;0;0;0;0;8;0;7;5;0;0;0;0;1.02947644681;
Fateh;0;0;0;0;0;0;0;0;0;0;5;5;8.01056566468;
Dominik;0;8;6;9;9;9;15;7;7;6;13;12;20.253723889;
Lukasz;0;0;0;0;0;0;0;0;0;0;5;0;5.0676435351;
Austin;118;114;129;112;103;110;113;98;82;90;99;83;51.9038646334;
Nevin;0;0;0;0;0;0;0;0;0;6;0;0;2.98424258339;
Aarav;0;0;0;0;0;0;0;0;0;0;9;16;19.2138511389;
Sydney;0;0;0;0;0;0;5;0;5;0;0;0;0;
Hadi;0;0;0;0;0;0;0;0;5;0;0;0;0;
Makaio;0;0;0;0;0;0;0;9;0;0;0;0;0;
Darren;20;20;22;17;21;15;21;13;14;9;13;20;8.67158490226;
Brenden;21;25;13;14;7;12;9;9;12;0;6;0;0;
Clinton;7;6;0;0;0;5;0;0;0;0;0;0;0;
Jonathan;85;89;85;68;55;71;75;75;54;59;61;59;16.2108912156;
Sahej;0;0;0;0;0;0;0;0;0;0;8;7;12.1795126618;
Leonard;0;5;8;0;6;0;0;0;0;0;11;11;16.790062089;
Kurtis;12;20;7;13;10;6;7;6;0;0;0;8;0;
Konrad;10;0;0;0;0;0;0;0;0;5;0;0;0;
Jose;9;8;0;5;0;0;5;6;0;0;0;0;0;
Jaxson;8;8;13;7;8;11;22;18;29;29;31;61;73.9249425003;
Dale;7;5;0;5;0;0;0;0;0;0;0;0;0;
Rahul;6;10;0;0;0;0;0;0;0;0;0;0;0;
Luca;16;27;25;25;30;25;35;34;39;35;56;41;76.1444000721;
Brant;0;5;0;0;0;0;0;0;0;0;0;0;0;
Jaskaran;16;13;10;8;8;10;0;11;6;0;0;0;0;
Xander;0;0;25;13;12;15;17;18;24;13;15;25;36.4616048387;
Augustus;0;0;0;0;0;0;5;0;0;0;0;0;0;
Aiden;55;57;104;100;103;121;138;131;135;140;125;112;206.296297044;
Kyan;0;0;0;0;12;5;9;5;8;6;0;9;13.4525844714;
Joey;8;0;0;0;6;11;9;0;6;10;8;5;13.5992355593;
Otto;0;0;0;0;0;0;0;5;0;0;0;0;0;
Aleksandar;0;0;5;0;0;0;0;0;0;0;0;0;0;
Milo;0;0;8;0;5;0;10;11;0;16;15;12;29.1159658321;
Nicolas;43;42;35;32;38;34;26;35;32;24;27;34;13.0618396427;
Kallen;0;0;0;0;0;0;0;0;0;0;0;6;4.37358641506;
Tavin;0;0;0;0;0;0;0;0;0;7;0;0;3.48161633423;
Massimo;0;0;0;5;0;0;6;0;0;8;0;0;4.82184828408;
Ari;0;0;0;0;0;5;0;5;12;9;13;10;23.9831543573;
Gage;18;19;23;16;25;20;27;15;29;24;21;14;21.1188525206;
Dominique;0;0;0;0;0;0;5;0;0;0;0;0;0;
Danny;5;10;6;7;7;9;11;7;7;11;5;0;0.673108039444;
Benedict;0;0;0;5;0;0;0;0;5;0;0;0;1.07765826685;
Alexzander;0;0;0;0;0;6;5;0;5;0;0;0;0.518180422705;
Aedan;0;0;7;5;5;6;0;0;0;5;0;0;4.43754470936;
Kasey;0;0;0;0;0;0;0;0;5;0;0;0;0;
Lars;0;0;0;0;0;6;0;0;0;5;0;0;5.58484709883;
Richard;44;42;28;31;30;27;21;20;21;18;17;18;0;
Kayleb;0;0;0;0;0;0;0;5;0;5;0;0;0.741997876414;
Johan;0;0;0;0;0;0;0;0;0;0;0;5;3.6446554132;
Casey;14;10;12;12;11;12;13;9;14;15;10;13;13.273038365;
Sami;0;0;0;0;0;0;5;0;0;5;0;0;0.0946098918513;
Arden;0;0;0;0;0;6;0;0;0;0;0;0;1.33621937984;
Arlo;0;0;0;8;0;0;0;0;0;9;8;10;19.2326245546;
Branden;15;10;10;7;6;5;0;0;0;5;0;0;0;
Kashton;0;0;0;0;0;0;0;0;0;6;0;0;2.98424258339;
Sheldon;13;14;8;12;9;11;10;0;9;5;0;6;0;
Niall;0;0;0;0;0;6;0;0;0;0;0;0;1.33621937984;
Oliver;36;31;54;41;61;95;103;118;141;125;142;150;247.220831335;
Tucker;0;0;0;0;0;7;12;12;6;9;9;6;11.5170293255;
Brennen;0;0;6;8;0;0;0;0;5;0;0;0;0;
Ranvir;0;0;0;0;0;0;0;0;5;5;0;7;7.95644630774;
Jarod;6;5;0;0;0;0;0;0;0;0;0;0;0;
Orlando;0;0;0;0;0;0;0;0;0;6;0;0;2.98424258339;
Isaiah;35;52;47;49;48;38;48;55;40;45;53;54;58.3504987668;
Treyton;0;0;0;0;0;0;0;0;0;5;0;0;2.48686881901;
Drew;9;10;9;13;12;8;6;12;11;10;8;9;9.44513899102;
Jaron;0;0;0;0;0;0;0;5;0;0;0;0;0;
Ryley;7;8;6;15;6;0;6;6;0;9;5;0;1.08805658109;
Quentin;0;12;9;9;11;14;5;11;10;10;0;0;1.12949007353;
Asher;0;5;0;8;17;16;18;29;30;34;41;54;99.4253619237;
Rayden;0;0;0;0;0;5;0;0;6;0;0;0;0;
Graham;17;20;18;9;12;7;14;9;14;11;12;9;0;
Josef;6;0;0;0;0;5;5;0;5;0;0;0;0;
Linkin;0;0;0;0;0;0;0;5;0;0;0;0;0;
Mario;0;0;0;0;0;11;10;6;0;0;0;0;0.506613469436;
Layne;0;6;0;7;5;6;0;0;6;10;10;6;16.9196463234;
Teagan;6;6;5;7;6;5;7;7;7;9;9;6;9.81174792887;
Kolby;17;7;8;10;9;0;9;7;5;0;0;5;0;
Joseph;99;99;108;84;109;87;75;88;64;60;61;63;15.2018594511;
Izaak;6;6;0;0;0;0;0;0;0;0;0;0;0;
Remy;0;0;0;0;0;0;0;0;0;5;0;5;8.0682274048;
Christopher;145;112;96;82;79;66;86;66;52;57;55;46;0;
Dayton;23;30;26;25;32;30;25;38;25;14;18;20;6.85717988008;
Theo;0;0;0;0;5;7;14;12;9;12;15;25;34.8019328717;
Eason;0;0;0;0;0;0;0;0;0;0;0;8;5.83144854715;
Morgan;17;12;17;23;23;20;21;17;14;16;8;19;18.471191147;
Gian;0;0;0;0;0;0;5;0;0;0;0;0;0;
Talan;0;0;0;0;0;0;0;5;0;0;0;0;0;
Alfred;0;0;0;0;0;0;0;0;0;8;0;0;3.97899011404;
Emile;0;0;0;0;0;0;0;0;0;6;0;0;2.98424258339;
Desmond;0;7;5;10;7;0;12;11;14;14;14;18;26.6774212203;
Isaac;108;76;90;80;79;81;93;104;102;99;89;82;72.2041887694;
Edgar;0;0;0;0;0;0;0;0;0;0;5;0;5.0676435351;
Cooper;20;18;20;32;34;40;46;45;39;62;52;67;112.172960627;
Kane;5;7;5;5;5;0;8;14;22;12;17;19;21.3318855259;
Beau;0;0;0;0;5;0;0;7;0;8;6;8;18.4552745739;
Isaak;7;0;0;0;0;0;0;0;0;0;5;0;0;
Keegan;29;28;27;29;27;30;21;24;29;22;19;16;10.0586509586;
Gurtej;5;0;0;0;5;0;0;0;0;0;0;0;0;
Jordin;0;0;0;6;0;0;0;0;0;0;0;0;1.39484236882;
Aden;5;8;6;0;10;14;11;7;0;0;7;7;5.02842337752;
Gary;6;7;0;8;6;0;0;8;0;0;0;0;0;
Jayson;10;0;5;8;0;0;7;7;7;0;0;0;0;
Aditya;0;0;0;0;5;0;0;0;0;0;0;5;5.44292960844;
Jeremiah;15;17;15;8;11;13;16;11;11;9;16;14;8.47318881001;
Atticus;0;0;0;0;0;7;0;10;0;7;9;13;19.6841237501;
Harjap;0;0;0;0;0;5;0;7;0;6;0;0;0;
Gavyn;0;0;0;0;0;0;0;0;0;0;0;5;3.6446554132;
Ira;0;0;0;0;0;0;0;0;0;0;5;5;8.01056566468;
Dhruv;0;0;0;0;0;0;0;0;5;0;0;0;0;
Huxley;0;0;0;0;0;0;0;0;7;0;5;9;12.7826314183;
Bryce;26;29;32;36;21;24;22;20;20;14;15;20;4.38490362676;
Kason;0;0;0;0;0;0;0;6;0;0;0;5;1.47305985749;
Cedric;0;0;0;0;0;0;5;7;5;7;6;6;7.03341600297;
Zi;0;0;0;0;0;0;0;0;0;0;0;7;5.10251754972;
Tate;10;5;8;10;6;7;13;0;6;6;10;18;16.7725612514;
Kael;0;5;0;0;0;13;9;15;9;8;8;8;10.079952678;
Manvir;0;10;6;10;7;8;7;0;5;0;0;6;6.19384314275;
Callum;30;31;25;27;19;25;47;26;31;38;39;42;41.0689754572;
Keerat;0;0;0;0;0;0;0;0;5;0;0;0;0;
Ellis;0;0;0;0;0;0;0;0;0;7;5;6;13.1959949118;
Easton;6;5;0;7;8;9;12;16;20;22;40;33;71.77485358;
Tariq;0;0;5;0;0;0;0;0;0;0;0;0;0;
Krish;0;0;0;0;0;5;11;7;0;0;0;0;0;
Oren;0;0;0;0;0;0;0;0;0;0;5;0;5.0676435351;
Quintin;0;0;6;7;10;7;7;6;12;6;7;5;16.0647528583;
Raiden;0;0;0;6;5;6;10;0;7;7;8;10;20.8941636145;
Sasha;0;6;5;0;5;0;7;5;0;0;0;0;0;
Matthias;7;10;10;7;8;9;12;15;8;9;8;10;6.73937463095;
Nick;0;0;0;7;0;0;0;5;0;7;0;0;3.54850527162;
Bradley;32;32;31;35;24;20;21;18;14;15;27;21;17.0562993844;
Nico;5;5;8;7;11;6;8;5;13;12;12;16;25.007544571;
Caius;0;0;0;0;0;0;0;0;5;7;0;0;3.54594077246;
Micah;15;14;18;22;17;17;26;47;39;37;39;39;51.3922577246;
Nash;0;0;5;0;8;8;7;8;12;18;17;17;41.0148394185;
Wade;5;9;0;0;0;5;0;5;8;6;9;6;1.86154246691;
Anoop;0;0;6;0;0;0;0;6;0;0;0;0;0;
Rory;7;9;6;11;13;13;8;11;5;7;16;11;18.1459893613;
Nicholas;237;233;194;186;179;145;154;112;108;93;74;95;0;
Cash;0;0;0;0;0;14;15;20;22;21;25;20;36.4914039584;
Iain;0;0;0;6;0;5;0;0;0;0;0;0;3.83012555028;
Boaz;0;0;0;0;0;0;0;0;0;0;0;6;4.37358641506;
Jarrett;14;0;5;0;0;0;0;0;0;0;0;0;0;
Giovanni;0;0;0;0;0;7;0;0;0;12;8;0;15.6507040842;
Tai;0;0;0;6;0;6;0;0;0;0;0;0;4.05383750345;
Harjas;0;0;0;0;5;0;0;0;0;0;0;0;2.65318089073;
Konnor;0;6;0;0;0;0;0;0;7;0;0;0;0;
Deacon;0;0;0;0;0;0;7;7;8;6;0;0;0.375559712295;
Lawrence;8;11;11;9;11;5;8;8;5;5;8;11;8.31853048667;
Garret;5;7;0;0;6;0;0;0;0;0;0;0;0;
Peter;39;33;27;31;34;35;28;26;26;35;32;24;30.1022958048;
Lane;7;5;10;5;6;11;13;16;6;7;10;10;9.29589269613;
Arav;0;0;0;0;0;0;0;0;0;5;0;0;2.48686881901;
Emilio;0;0;5;7;12;6;5;7;5;0;6;0;11.5257311389;
Mackenzie;30;18;9;14;10;11;9;15;7;5;5;0;0;
Manraj;13;13;12;10;13;10;16;15;14;16;11;14;11.0975257226;
Maverick;0;0;0;0;0;0;7;0;10;7;10;10;20.843771412;
Marco;22;19;15;16;11;20;12;17;10;14;13;16;6.36686298018;
Jayden;84;72;94;88;91;92;147;144;138;145;125;146;148.139502595;
Harjan;0;0;0;0;0;0;0;0;5;0;0;0;0;
Karl;0;12;8;9;12;0;5;0;7;0;6;5;5.61473732538;
Leonardo;0;5;0;6;7;5;7;6;15;6;15;8;22.7932858625;
Anmol;12;0;6;9;0;0;0;6;0;0;0;0;0;
Lucien;0;0;0;0;0;0;6;0;0;7;0;0;0;
Terence;6;0;6;0;0;0;0;0;0;5;0;0;0;
Aidan;106;141;148;118;114;125;95;84;61;57;60;50;0;
Coleton;0;0;0;0;0;0;0;0;6;0;0;0;0;
Neil;0;10;8;7;5;0;5;6;5;6;5;10;7.19370338908;
Nolan;55;49;75;64;75;78;77;61;80;57;62;73;88.648167974;
Zayden;0;0;0;0;0;0;0;0;8;5;7;7;13.9661388291;
Taran;0;0;0;7;5;5;0;0;0;0;0;0;4.44855936608;
Niklas;0;0;0;0;0;0;0;0;0;5;0;0;2.48686881901;
Kolton;7;0;0;0;0;0;9;0;9;10;0;6;0.134337065178;
Ashton;33;21;67;58;61;54;50;63;51;51;50;35;68.7762932206;
Conner;17;13;19;17;26;10;16;13;20;12;18;10;16.436839835;
Norman;0;0;6;5;5;0;0;0;0;0;0;0;1.01469612717;
Jameson;0;0;5;0;0;0;0;0;0;0;8;7;12.6116712644;
Colton;55;42;42;39;38;39;39;47;49;56;58;46;51.7221106754;
Chris;0;6;0;0;0;5;6;7;6;8;0;8;3.345291615;
Brantley;0;0;0;0;0;0;0;0;0;0;0;8;5.83144854715;
Ezra;8;6;6;6;13;12;17;12;24;21;23;21;45.2368293722;
Angus;27;18;24;11;16;17;26;17;28;9;21;12;0.71329117526;
Johannes;0;0;0;0;0;0;0;5;0;0;0;0;0;
Yuvraj;0;0;0;10;9;6;12;17;15;16;15;19;42.4708898956;
Kesler;0;0;0;0;0;0;0;0;10;11;45;19;63.2372702945;
Jujhar;0;0;5;0;0;0;0;0;0;0;5;8;10.953000451;
Julio;0;0;0;0;6;0;0;0;0;0;0;0;3.18381707431;
Dallas;13;11;11;14;14;13;11;22;18;9;9;6;2.02595138766;
Austen;0;7;0;6;0;0;0;0;5;7;5;0;4.12787118527;
Fredrick;0;0;0;0;0;0;0;0;5;0;0;0;0;
Oscar;13;13;20;18;27;28;22;33;31;37;30;42;71.9496290872;
Raphael;7;0;7;0;5;6;0;11;0;6;9;11;13.220304113;
Arian;0;0;0;0;0;0;5;0;5;0;0;0;0;
Rylan;22;24;23;19;49;58;53;57;66;62;65;67;116.756811016;
Kenny;5;8;6;6;8;7;5;0;0;0;0;0;0;
Jase;0;0;0;10;0;0;0;0;5;0;0;14;17.3587061302;
Arthur;5;14;7;6;11;11;7;12;9;9;15;16;19.8056674058;
Dakoda;0;0;0;0;6;0;0;0;0;0;0;0;3.18381707431;
Martin;29;15;22;17;10;13;15;18;21;19;6;21;0;
Gurshan;0;9;5;0;19;17;13;20;11;9;15;12;23.2108140045;
Brandan;0;5;0;0;0;0;0;0;0;0;0;0;0;
Evan;113;116;123;147;152;133;134;148;140;128;128;119;154.089683483;
Tom;0;0;0;5;0;0;0;0;0;0;5;0;4.84567296716;
Alden;0;0;0;0;0;0;5;0;0;5;5;0;7.88612410751;
Romeo;0;0;0;0;0;0;6;0;0;0;6;6;8.21091215127;
Ishaan;0;5;6;0;11;8;22;28;14;14;25;17;26.9444714947;
Sam;8;14;11;17;21;26;15;12;11;23;16;15;30.8298668084;
Brian;59;55;39;33;29;33;33;21;20;12;16;11;0;
Jakob;43;43;33;40;33;30;34;37;39;32;21;19;1.46968378034;
Sawyer;9;11;9;7;10;14;30;29;43;37;40;42;46.2931740221;
Karan;8;10;0;8;9;7;6;0;5;8;0;0;0.940113824156;
Lee;0;6;0;0;0;6;0;6;0;0;0;0;0;
Terrance;5;0;0;0;0;0;0;5;6;0;0;5;0;
Shaun;8;6;10;0;6;7;7;0;6;12;0;0;0;
Rohan;6;13;11;15;15;12;19;15;10;14;13;19;23.2271991527;
Tysen;0;0;0;0;6;0;0;0;0;0;0;0;3.18381707431;
Leo;10;17;17;27;27;27;23;29;35;33;57;69;110.855914363;
Harjot;11;7;0;5;8;6;8;5;5;0;0;0;0;
Gibson;0;0;0;0;0;5;0;0;0;6;0;0;6.38273100936;
Navjot;0;6;0;0;0;0;0;0;0;0;0;0;0;
Maksim;0;0;0;0;0;0;0;5;0;9;6;8;16.3341537245;
Karim;0;0;0;0;0;0;0;0;0;0;0;5;3.6446554132;
Logan;157;152;151;158;153;187;201;207;217;209;190;203;212.132785152;
Tristan;62;67;61;60;79;90;101;127;92;95;80;64;72.0849013141;
Paramveer;0;0;0;0;0;0;0;0;0;0;5;0;5.0676435351;
Zaiden;0;0;0;0;0;0;0;0;0;0;5;0;5.0676435351;
Braydon;14;12;12;7;9;6;11;15;6;7;7;0;0;
Seamus;6;0;9;9;7;9;11;5;8;0;0;5;1.59408795839;
Justice;7;10;5;0;6;8;9;13;5;6;6;0;0;
Geoffrey;8;9;7;0;6;6;5;5;0;0;0;0;0;
Aaron;79;84;84;51;71;80;72;71;61;74;69;64;43.9792860969;
Maddox;0;0;5;6;14;16;14;10;14;9;25;19;43.254044181;
Jacob;287;257;252;268;222;235;253;210;225;263;200;168;119.786388967;
Garrett;20;22;17;22;10;14;13;14;6;12;7;0;0;
Gurtaj;0;0;0;5;0;0;0;0;6;0;0;6;6.14377792446;
Dakota;34;30;21;19;14;15;11;11;8;9;11;0;0;
Kenyon;0;0;0;0;0;0;5;0;0;0;0;0;0;
Bryn;0;0;0;5;0;0;0;0;0;0;0;0;1.16236870487;
Griffin;29;18;22;20;24;29;32;33;43;29;30;31;30.9367830955;
Preston;13;9;10;21;16;19;32;28;35;26;42;34;63.845306945;
Lewis;6;6;5;0;0;6;9;9;5;7;16;11;12.6242593186;
Ronald;10;0;7;8;9;0;0;8;0;6;0;7;6.59058586026;
Jude;0;5;8;15;12;8;16;32;33;32;33;34;62.4640151973;
Josh;10;13;12;8;13;14;11;8;6;8;5;0;0;
Eli;8;12;20;14;16;19;23;41;39;66;66;69;130.133567152;
Hassan;0;0;0;6;0;0;0;5;0;6;0;0;2.897040123;
Elias;14;13;20;13;27;18;20;17;25;24;33;30;51.8053519149;
Elliot;11;12;8;8;14;18;19;18;21;24;23;42;49.3538918795;
Jayce;0;6;0;0;0;0;7;13;9;12;12;12;11.5719560935;
Hamza;0;5;0;0;0;0;5;0;6;0;0;7;0.239617809948;
Sukhman;6;10;6;10;9;9;0;9;6;5;0;6;1.03910936908;
Ewan;5;12;15;10;12;17;20;21;19;16;15;25;24.2995082802;
Jasraj;5;0;0;0;0;0;7;0;6;0;5;5;3.57673508225;
Hugh;0;5;6;6;0;0;0;0;0;6;0;6;3.63978397545;
Ben;8;14;15;17;18;12;18;28;15;17;17;13;17.094633738;
Bennett;0;7;5;6;9;11;12;13;11;8;18;28;36.0599334727;
Robert;63;59;60;61;61;49;57;56;45;43;38;45;15.3490087216;
Walker;6;0;0;6;7;0;8;9;5;9;8;15;19.7947022205;
Anders;0;0;0;0;0;0;0;6;8;0;0;0;0;
Nathaniel;50;46;48;50;52;58;59;67;58;55;57;58;63.1046303009;
Jerry;0;11;5;12;10;7;7;8;6;0;0;0;0;
Aaryan;0;0;0;0;0;0;0;0;8;10;7;0;10.3205529976;
Tatum;0;0;0;0;0;0;0;0;0;0;0;5;3.6446554132;
Adam;127;129;111;126;101;106;78;87;88;83;68;95;18.3951428274;
Ryland;0;5;0;10;5;14;16;10;15;11;8;5;12.4740321482;
Francis;7;13;11;16;6;7;9;9;7;10;7;8;5.20250478124;
Anton;7;0;7;0;0;5;8;5;5;0;0;0;0;
Jacky;0;9;0;11;0;5;13;0;0;0;0;0;0;
Trevor;51;63;55;56;43;30;32;31;17;21;33;20;0;
Anson;14;9;9;9;7;15;5;0;6;9;9;6;9.08802340532;
Jonas;8;17;0;9;13;31;16;27;14;9;12;9;11.1200558247;
Mayson;0;0;0;0;0;0;0;0;0;0;5;5;8.01056566468;
Titus;0;0;0;0;6;0;0;0;0;0;5;0;6.39024074007;
Shamus;6;0;0;7;0;0;0;0;0;0;0;0;0;
Ranbir;0;0;0;0;0;0;0;0;0;0;0;6;4.37358641506;
Kody;8;6;0;6;7;0;7;8;6;0;6;5;0.569751379092;
Kyran;0;0;5;0;0;0;0;0;0;0;0;0;0;
Andreas;0;0;6;0;0;9;0;7;7;0;6;0;1.45630657923;
Ronan;13;7;10;17;16;13;12;18;22;13;10;24;25.2825548195;
Stephen;27;19;24;16;13;19;18;10;15;9;13;10;0;
Issac;0;0;0;0;0;0;0;0;8;7;8;0;9.72563608266;
Abraham;0;0;0;0;0;0;8;5;7;0;7;5;5.50800758364;
Ansh;0;0;0;0;0;0;0;0;0;0;0;5;3.6446554132;
Lucius;0;0;0;0;0;0;0;5;0;0;0;0;0;
Tyrell;11;8;7;6;8;7;9;0;5;0;0;0;0;
Darius;12;14;20;10;15;23;21;17;22;20;14;7;8.84464796542;
Eddie;0;6;0;0;0;0;5;0;0;0;0;0;0;
Bryson;12;8;10;9;9;7;8;9;7;14;16;8;15.168009789;
Emmett;0;6;12;8;6;10;9;16;19;25;33;34;63.1200267495;
Jay;11;6;5;5;6;8;7;13;12;10;7;8;5.47371487612;
Jax;0;0;0;0;0;0;0;0;6;11;15;21;38.7074029477;
Calvin;23;21;19;13;22;14;17;21;19;22;17;13;8.76173446207;
Luke;57;79;87;77;79;88;63;75;83;69;80;81;93.5245696382;
Kailen;0;0;0;0;0;0;0;6;0;0;0;0;0;
Luka;6;11;11;22;0;17;10;21;20;17;24;24;34.3772094716;
Kadyn;0;0;0;6;0;0;0;0;5;0;0;0;1.25941192111;
Shahil;0;0;0;0;5;0;0;0;0;0;0;0;2.65318089073;
Santiago;0;0;0;0;0;6;6;16;9;7;8;6;6.83234535386;
Kasen;0;0;0;0;0;0;0;0;0;0;5;5;8.01056566468;
Aryan;0;5;7;12;5;20;25;16;24;12;21;23;35.882832049;
Lorenzo;8;0;0;6;8;0;8;0;8;8;8;9;18.0741891299;
Kaden;26;29;38;45;56;54;45;40;42;34;35;30;57.291461821;
Jakub;0;0;0;0;0;6;5;0;0;0;0;0;0.773439308293;
Kaelan;5;6;5;6;0;5;0;9;0;0;0;0;0;
Nihaal;0;0;0;0;0;0;0;0;0;0;0;5;3.6446554132;
Emil;0;0;5;0;0;0;0;0;0;0;0;0;0;
Harkaran;5;0;5;0;0;0;0;0;0;0;0;0;0;
Tyson;59;64;70;57;58;65;80;89;69;66;67;53;50.1462575586;
Julian;33;36;20;31;40;37;41;41;45;32;42;43;48.6645217419;
Benjamin;198;186;193;192;172;196;181;194;195;210;209;176;196.336445833;
Tanvir;6;0;5;0;0;0;0;0;0;0;0;0;0;
Trystan;0;0;5;0;5;0;0;0;0;0;0;0;1.31847406847;
Myles;15;13;11;11;19;18;12;26;14;15;23;30;33.3182244184;
Jamal;0;6;0;0;0;0;0;0;0;0;0;0;0;
Trey;17;17;15;14;19;13;7;9;14;9;11;8;6.21834150896;
Stefano;0;0;0;0;7;0;0;6;0;0;0;0;1.76797468767;
Prince;0;0;0;0;0;0;0;5;0;0;0;0;0;
Sunny;0;5;5;7;0;0;0;0;5;5;6;0;3.62814745206;
Braxton;5;0;0;9;6;11;8;11;10;12;11;10;24.1741351592;
Leroy;0;0;0;0;0;0;0;0;0;0;5;0;5.0676435351;
Duncan;11;18;11;16;17;12;17;12;10;14;9;11;9.48279544726;
Masen;0;0;0;0;0;0;0;0;0;0;0;5;3.6446554132;
Karanveer;0;0;0;8;6;0;0;0;0;0;6;0;7.25702707441;
Daniel;173;159;162;166;174;184;180;150;152;169;131;150;139.094849202;
Ekamjot;0;0;0;0;0;0;0;0;0;0;5;0;5.0676435351;
Tiger;0;0;0;0;0;0;0;0;0;8;0;0;3.97899011404;
Kyle;133;144;116;109;102;78;66;61;61;55;62;52;0;
Aliah;0;0;0;0;0;0;0;0;0;1;0;0;0.497373764255;
Blair;5;5;0;0;0;0;0;0;5;0;0;0;0;
Nathanial;0;0;0;0;0;0;0;0;0;5;0;0;2.48686881901;
Declan;13;23;22;30;37;32;42;39;36;28;73;64;108.059917526;
Rhys;24;15;17;21;16;24;31;33;32;35;34;42;48.9464032156;
Jeremy;62;50;49;43;37;37;36;30;28;34;25;37;0;
Jimmy;7;7;8;6;9;5;6;6;0;0;0;5;0;
Waylon;0;0;0;0;0;5;0;0;8;5;5;7;15.7538137213;
Hank;0;0;0;0;0;0;0;0;0;0;0;5;3.6446554132;
Karanvir;10;0;0;5;0;0;0;0;0;0;0;0;0;
Ajay;0;6;8;7;8;0;0;0;5;6;0;0;0.911794600618;
Brodie;14;16;16;18;11;23;13;18;20;12;15;12;8.56361399324;
Linden;6;7;14;18;15;19;38;40;58;53;64;35;91.3513424546;
Benson;7;0;0;0;8;0;7;0;0;0;5;13;10.2831853144;
Daylen;0;0;0;6;0;0;0;0;0;0;0;0;1.39484236882;
Roberto;6;0;0;0;0;0;0;0;0;0;0;0;0;
Brennan;11;21;21;15;17;15;13;17;16;9;9;13;2.44653440045;
Trenton;7;12;11;17;0;11;7;9;16;5;0;0;0;
Emanuel;0;0;0;0;0;0;0;0;0;0;0;5;3.6446554132;
Bentley;0;0;0;0;0;0;0;0;8;28;42;72;112.184136283;
Abdullah;0;7;0;7;5;0;6;5;0;7;5;5;9.95075147701;
Rylee;0;6;0;6;0;0;0;0;0;0;6;0;2.79161798694;
Ariel;0;0;5;0;0;0;0;0;0;0;0;0;0;
Eric;90;105;96;82;63;75;60;56;46;63;49;42;0;
Franklin;5;0;0;0;0;0;0;0;5;0;0;0;0;
Tristin;14;9;0;7;7;5;0;5;8;5;0;0;0;
Tanner;45;44;39;33;34;31;29;26;31;39;40;32;28.3861071086;
Rylen;0;0;0;0;0;0;0;6;0;6;6;0;6.2110409159;
Corbin;12;14;11;10;10;17;18;19;26;22;21;20;21.2286754588;
Mathieu;0;7;0;0;0;0;0;0;6;0;0;0;0;
Hugo;0;0;0;6;6;8;11;8;12;11;16;15;34.4864250173;
Wyatt;32;48;40;63;59;67;68;78;88;69;77;90;138.499120472;
Ray;0;0;0;0;0;6;0;6;0;0;0;0;0;
Marvin;0;0;0;0;0;0;0;0;0;0;0;5;3.6446554132;
Jordan;172;166;151;115;126;115;109;86;72;66;67;55;0;
Brett;25;25;33;22;16;10;14;14;11;10;5;8;0;
Addison;5;6;5;5;0;0;0;6;0;0;0;0;0;
Gagandeep;5;0;0;0;0;0;0;0;0;0;0;0;0;
Max;37;33;43;44;45;35;54;48;64;62;75;55;95.2429460826;
Julius;0;0;0;0;7;10;0;0;0;0;7;0;9.35399190398;
Dreyden;0;0;0;0;0;0;0;5;0;0;0;0;0;
Gregor;0;0;0;0;0;0;0;0;0;0;5;0;5.0676435351;
Nikola;0;9;0;8;0;0;0;0;0;0;0;0;0;
Arjun;20;25;23;33;39;32;39;36;34;26;31;46;53.3726575636;
Matteo;25;24;30;25;29;28;26;27;30;30;39;21;36.9005866625;
Brandon;168;142;109;115;97;80;66;73;68;60;56;41;0;
Mat;0;0;0;0;0;0;0;5;0;0;0;0;0;
Derek;32;31;23;28;19;24;29;18;24;19;19;24;7.71162425398;
Troy;21;13;14;16;21;12;19;11;12;9;19;17;16.4415697832;
Damien;14;12;19;9;19;17;29;22;27;24;21;22;23.144078824;
Hao;0;0;0;0;0;0;0;0;0;0;5;0;5.0676435351;
Uzair;0;0;0;0;0;0;0;0;6;0;0;0;0;
Keenan;12;15;14;17;15;22;16;16;16;14;12;17;17.353337105;
Ian;48;35;47;32;44;46;39;31;44;41;29;42;33.0533428353;
Bryden;10;0;0;0;0;0;6;5;5;5;0;0;0;
Gurvir;9;6;0;5;7;0;6;9;0;0;6;0;0;
Eliot;0;0;0;0;0;0;0;0;0;7;0;0;3.48161633423;
Marley;0;0;0;0;0;0;5;0;0;5;0;0;0.0946098918513;
Shea;5;0;0;0;0;0;14;10;0;7;6;7;6.17282597641;
Gideon;0;0;0;0;6;0;8;0;5;10;7;10;22.4045965531;
Marc;9;5;9;10;0;8;6;0;6;0;10;7;7.64490657546;
Zack;0;0;0;0;0;0;0;5;0;6;6;9;15.7707655133;
Erik;27;32;27;13;16;21;21;28;21;24;20;15;3.02121728648;
Axton;0;0;0;0;0;0;0;0;0;0;0;7;5.10251754972;
Donovan;19;11;14;12;8;16;12;11;10;9;5;9;0;
Hayden;41;60;65;71;81;77;79;94;81;72;88;78;128.887035726;
Karman;0;0;0;0;0;0;0;6;9;0;0;5;0.619500766829;
Mark;46;43;35;26;24;21;19;27;25;12;20;18;0;
Aubrey;0;0;0;0;5;0;0;0;0;5;0;0;4.78882204623;
Etienne;6;0;0;0;0;0;0;0;0;0;0;0;0;
Ekam;0;0;0;5;0;0;7;0;6;11;8;6;17.2252753896;
Tobin;0;0;0;0;0;0;0;0;0;0;0;11;8.01824167393;
Elijah;36;66;53;58;51;60;49;65;73;58;67;70;80.2763618541;
Davis;11;7;10;11;8;9;5;10;11;10;8;8;8.04313633717;
Edric;0;0;0;0;0;0;0;0;5;0;0;0;0;
Baron;0;0;0;0;0;0;0;0;0;0;5;0;5.0676435351;
Colby;67;68;34;39;28;15;19;26;24;25;22;13;0;
Carter;70;77;64;81;91;133;103;112;141;106;161;128;222.751991098;
Jackson;84;83;86;74;75;95;104;102;132;119;142;113;155.720836606;
Reece;19;15;9;15;13;15;9;9;9;0;5;10;0;
Grayson;13;21;15;16;18;16;19;32;39;63;76;69;133.852720893;
David;114;105;105;105;87;99;87;80;95;71;83;74;28.1660848787;
Nelson;5;16;8;7;11;11;0;0;0;0;0;5;0.469404578035;
Landyn;0;0;0;0;0;0;5;0;6;6;10;6;17.425785716;
Miguel;10;13;14;10;10;9;9;7;8;8;14;9;9.98831570171;
Merrick;0;0;0;0;0;0;0;0;0;0;0;7;5.10251754972;
Sloan;0;0;0;0;0;0;0;0;0;0;0;5;3.6446554132;
Davin;9;5;5;8;6;5;7;6;12;0;6;5;0;
Shayan;0;0;0;0;0;0;0;0;0;0;5;0;5.0676435351;
Maximus;9;6;9;9;16;13;19;13;14;13;20;32;38.7014047881;
Cyrus;10;12;15;9;10;14;14;14;17;17;14;22;19.3342874006;
Jagroop;0;5;5;0;0;0;0;0;0;0;0;0;0;
Dominick;7;11;8;0;10;14;10;6;7;7;8;8;7.12443594904;
Camron;0;0;0;0;0;0;5;0;0;0;0;0;0;
Balkaran;0;0;0;0;5;0;0;0;0;0;0;0;2.65318089073;
Francesco;5;0;0;0;5;5;0;0;0;0;0;0;0;
Jeevan;9;7;0;7;0;6;5;11;0;0;6;5;0;
Ciaran;0;0;0;0;0;0;0;5;0;0;0;0;0;
Zavier;0;0;0;0;0;0;0;0;6;0;0;0;0;
Chase;38;47;41;52;43;48;68;77;82;86;67;72;91.2165715447;
Kohl;5;0;0;0;0;0;0;5;0;0;0;0;0;
Sameer;5;0;0;0;5;0;6;5;0;0;0;0;0;
Knox;0;0;0;0;0;0;0;0;0;9;9;8;19.2013925775;
Jonah;26;24;29;34;31;28;31;52;28;35;34;44;44.6333525372;
Juan;0;5;5;0;0;6;0;0;0;7;0;0;0.455498672089;
Kaylan;0;0;0;0;5;0;0;0;0;0;0;0;2.65318089073;
Yousef;0;0;0;0;0;0;0;5;9;0;0;5;0.784212991733;
Alexandre;9;10;0;9;7;5;7;0;8;10;14;8;18.3325960887;
Skye;0;0;0;0;0;0;0;0;6;0;0;0;0;
Marko;6;10;5;7;8;14;6;0;6;9;7;8;12.1831108257;
Bodhi;0;0;0;0;0;6;0;6;6;7;7;6;16.700991218;
Marcus;76;62;71;90;70;70;90;88;95;86;92;85;104.485462719;
Maximillian;0;0;6;0;8;0;0;0;0;0;0;0;2.78763619473;
Gerard;0;0;5;0;0;0;0;0;0;0;0;0;0;
Lucas;89;121;129;139;138;174;183;208;197;216;219;231;374.243468185;
Jagraj;0;0;6;0;0;0;0;0;0;0;0;0;0;
Sehaj;0;0;0;0;0;0;0;0;0;5;6;7;13.8941346115;
Parmvir;5;0;0;0;0;0;0;0;0;0;0;0;0;
Devlin;0;0;0;0;0;0;0;5;0;5;0;0;0.741997876414;
Nihal;0;0;0;0;0;0;5;0;0;0;8;0;6.68250114506;
Gaurav;5;0;0;0;0;6;0;5;0;0;0;0;0;
Adriano;0;0;0;5;0;0;5;0;0;0;5;0;6.85075417093;
Farhan;0;0;0;0;0;0;0;0;0;0;0;5;3.6446554132;
Ken;6;8;0;0;0;0;0;6;0;5;0;0;0;
Samir;0;0;0;0;0;0;0;0;0;0;5;0;5.0676435351;
Bruno;0;0;0;0;5;0;0;0;5;0;0;0;2.67705514225;
Niko;0;5;0;0;0;7;0;8;8;13;7;7;12.7834374144;
Braedon;5;0;6;8;0;6;0;6;0;0;0;0;0;
Layton;0;0;0;0;0;0;8;6;0;6;0;0;0;
Blake;40;49;32;29;24;40;57;53;60;53;73;86;82.821722207;
Jovin;0;0;0;0;0;5;5;0;0;0;5;0;4.33547397034;
Ricky;10;14;6;11;5;5;6;0;0;0;0;0;0;
Talon;9;7;0;5;8;5;6;11;7;8;7;7;6.23688235328;
Jackie;0;8;0;0;0;0;0;0;0;0;0;0;0;
Braiden;7;13;8;10;6;9;7;11;6;6;5;0;0;
Dexter;6;6;11;6;7;8;10;21;19;15;13;23;18.1438212362;
Anthony;99;85;73;77;76;80;80;78;64;64;56;57;22.7044078085;
Harley;6;5;6;0;5;8;5;7;5;9;0;9;3.57293492396;
Bill;6;0;0;0;0;0;0;0;0;0;0;0;0;
Beck;0;0;0;0;5;0;0;0;0;0;0;0;2.65318089073;
Nikita;0;0;0;0;0;0;0;0;5;0;0;0;0;
Rocky;0;0;0;0;0;0;0;5;0;5;0;0;0.741997876414;
Lloyd;0;0;0;0;5;0;0;0;0;0;0;0;2.65318089073;
Laurence;0;0;0;0;0;5;0;0;0;0;0;0;1.11351612759;
Jin;0;0;0;0;0;0;0;0;0;0;0;5;3.6446554132;
Harry;0;9;5;6;5;9;7;9;6;8;11;9;17.3980449108;
August;0;0;0;0;0;0;0;0;6;12;7;6;16.0046719196;
Raymond;15;14;14;12;13;15;16;15;13;12;5;11;2.68103113851;
Rex;0;0;0;0;0;0;0;0;0;6;0;6;9.6818729173;
Syed;0;0;0;0;0;0;6;5;0;0;6;0;2.08946730003;
Jalen;10;10;6;7;12;0;0;0;0;5;0;0;0;
Greyson;6;0;0;0;0;0;9;10;8;10;26;26;38.9021992992;
Manpreet;6;0;0;0;0;0;0;0;0;0;0;0;0;
Tristen;20;14;6;8;10;9;19;10;8;6;10;0;0;
Gurshawn;0;0;0;0;0;5;0;0;0;0;0;0;1.11351612759;
Leon;11;5;14;0;0;8;13;14;13;9;11;17;8.08216773654;
Emery;0;0;0;0;0;0;0;0;0;0;8;5;10.9821176935;
Wynn;0;0;0;0;0;0;0;0;0;0;0;5;3.6446554132;
Kingston;0;0;0;0;0;0;19;23;44;42;32;30;56.7453690565;
Regan;0;5;0;0;0;0;0;0;0;0;0;0;0;
Memphis;0;0;0;5;0;0;5;6;9;7;0;6;5.9137164295;
Magnus;0;5;0;7;0;0;0;12;12;9;5;7;9.26756830194;
Truman;0;0;0;0;5;0;0;0;0;0;0;0;2.65318089073;
Phoenix;9;6;14;7;14;11;19;15;22;20;14;15;21.0278995038;
Hendrix;0;0;0;0;0;0;0;0;0;5;0;0;2.48686881901;
Deegan;0;0;5;0;0;0;0;6;0;0;0;6;0;
Bryan;24;27;19;21;15;15;17;20;6;13;8;15;0;
Van;0;0;5;0;0;6;0;5;9;5;0;7;4.88150155247;
Judah;6;0;0;7;8;7;12;10;16;17;14;14;35.1509395966;
Douglas;11;15;8;14;8;9;10;0;5;5;0;0;0;
Keiran;9;0;0;5;7;11;5;6;7;7;6;5;10.5260266676;
Ammar;0;0;0;0;0;0;0;5;0;0;0;0;0;
Amrit;10;9;8;6;0;6;5;0;6;0;0;0;0;
Conrad;5;9;0;0;0;0;6;0;8;5;0;7;0;
Danial;0;0;0;0;5;0;0;0;0;0;0;0;2.65318089073;
Jaiveer;0;0;0;0;0;0;0;5;0;9;0;8;8.59837355941;
Elliott;6;10;0;7;16;10;16;13;14;20;22;23;41.2768178333;
Tim;0;0;5;0;0;0;0;0;5;0;0;0;0;
Paxton;0;0;0;0;0;0;0;9;9;18;13;16;29.9767690101;
Jia;0;0;0;0;0;0;5;0;0;0;0;6;3.66427823937;
Gordon;8;12;6;8;10;15;12;7;19;5;11;8;7.69508981832;
Harveer;0;0;0;0;0;6;0;0;5;5;0;7;10.1308484085;
Shay;0;0;0;0;0;0;0;0;5;0;0;0;0;
Tyce;0;0;0;0;0;0;0;5;7;5;0;0;1.88783235237;
Willem;0;7;5;8;11;7;6;7;6;0;6;7;11.4932196555;
Denzel;0;5;0;0;5;0;0;0;0;0;0;0;0.662963783665;
Jagger;0;0;0;0;0;0;0;0;0;0;5;9;10.752996046;
Fletcher;0;0;0;0;0;0;0;0;0;0;5;0;5.0676435351;
Tyler;190;170;171;149;149;135;139;112;101;106;85;74;0;
Philip;11;12;16;9;10;6;11;6;6;12;5;11;3.58059798991;
Bruce;6;8;0;0;14;8;0;11;6;10;7;6;12.6870832527;
Shae;0;0;0;0;0;0;0;0;5;0;0;0;0;
Omar;7;10;11;7;6;11;17;8;11;15;7;13;8.94838959532;
Randy;6;0;0;0;0;5;0;5;0;5;9;0;6.49837156045;
Ayden;16;26;24;27;32;30;42;41;41;45;26;40;42.8043895385;
Ilya;0;0;0;0;0;0;0;0;0;0;9;0;9.12175856098;
Pardeep;0;0;7;0;0;0;0;0;0;0;0;0;0;
Stewart;0;0;0;0;5;0;0;0;0;0;0;0;2.65318089073;
Rylie;0;0;6;0;0;0;0;0;0;0;0;0;0;
Keith;8;10;7;6;8;14;11;7;11;6;8;12;9.95928222905;
Pierce;8;0;5;7;0;5;0;5;7;8;7;0;4.80490399067;
Landen;0;11;14;13;10;12;11;15;18;11;10;11;15.3977396481;
Allan;5;5;12;7;9;9;9;5;6;0;0;0;0;
Everett;5;7;10;9;10;15;15;11;17;18;26;27;47.9480137652;
Tanveer;0;0;0;0;0;0;0;0;7;0;0;0;0;
Hector;0;0;0;0;0;0;0;0;7;0;0;0;0;
Keelan;0;0;0;0;0;6;0;5;0;0;0;0;0;
Stuart;14;11;7;7;5;5;5;0;6;0;0;0;0;
Simon;43;49;45;34;32;46;42;34;31;26;31;25;3.13063842782;
Mason;50;61;62;57;50;76;74;126;164;201;239;207;391.044747423;
Kiefer;0;6;0;0;0;5;0;0;0;0;0;0;0;
Ash;0;0;0;0;0;0;0;0;0;0;5;0;5.0676435351;
Alec;12;11;11;10;13;11;7;7;8;0;13;9;7.92924339716;
Oakley;0;0;0;0;6;5;5;0;0;8;6;10;17.5188725206;
Westin;0;0;0;0;0;0;0;0;0;0;0;6;4.37358641506;
Abhijot;0;0;0;0;0;0;0;0;0;9;6;0;9.18876243021;
Sukhraj;0;7;5;7;6;0;6;0;6;0;5;0;1.71395466579;
Balraj;5;5;6;0;8;7;0;5;0;0;0;0;0;
Nikolas;15;15;19;15;14;16;16;15;18;22;15;16;17.8906796322;
Mitchel;5;7;6;0;0;0;0;0;0;0;0;0;0;
Stephan;0;0;0;0;0;0;5;0;0;0;0;0;0;
Nikolai;0;7;8;5;6;0;0;6;10;0;8;8;7.75702249318;
Sebastien;0;6;6;10;6;10;6;6;11;5;9;5;12.8583484674;
Rajan;7;19;9;10;10;8;10;5;5;0;6;0;0;
Abdul;0;6;0;0;0;0;0;0;0;0;0;0;0;
Gurman;0;7;8;5;8;10;9;14;15;16;12;9;19.3089046056;
Ashwin;0;0;0;0;0;5;0;0;0;5;0;0;5.89593050672;
Alvin;11;8;5;5;0;8;9;7;5;5;0;10;0;
Aston;0;0;0;0;0;0;0;0;0;0;0;6;4.37358641506;
Tegan;0;0;0;0;5;0;0;6;0;0;0;0;0;
Glen;0;0;0;0;0;6;0;0;0;0;0;0;1.33621937984;
Cashton;0;0;0;0;0;0;0;0;0;0;0;5;3.6446554132;
Koen;0;5;6;8;10;17;10;26;15;19;21;10;31.6138591144;
Kole;6;10;6;6;7;8;5;9;7;6;0;6;0;
Turner;0;0;0;0;0;0;0;0;0;5;0;0;2.48686881901;
Arnav;0;0;0;0;0;0;0;0;0;0;6;10;12.3389531537;
Carlin;0;6;0;0;0;0;0;0;0;0;0;0;0;
Quinten;0;5;8;0;5;9;8;0;10;0;5;5;5.00781318791;
Lincoln;0;6;8;5;7;24;39;51;48;42;36;64;69.2180749005;
Denny;0;0;0;0;0;0;0;0;5;0;0;0;0;
Kaelin;0;0;0;5;0;0;0;0;0;0;0;0;1.16236870487;
Ayaan;0;0;0;0;0;0;5;6;0;7;13;10;21.0332843119;
Marlon;5;5;5;5;0;0;0;0;0;0;0;0;0;
Enoch;5;0;0;0;0;0;0;0;0;0;0;0;0;
Pavel;5;0;0;0;0;5;0;0;0;6;0;0;1.36182469962;
Clark;0;0;0;0;0;5;6;0;6;7;0;6;7.6457394829;
Caelum;0;0;0;0;0;0;0;0;9;0;0;0;0;
Zain;0;0;0;0;0;5;6;0;6;0;0;6;4.73816047633;
Sebastian;37;39;46;47;35;45;48;41;66;56;57;60;76.9779222729;
Karsten;0;0;0;0;0;0;0;7;0;0;0;0;0;
Amritpal;7;0;0;0;0;0;0;0;0;0;0;0;0;
Russell;12;15;13;11;13;13;6;7;7;9;10;12;11.4063978721;
Joel;38;34;39;32;23;22;25;37;27;17;16;26;0;
Harvey;0;0;0;0;0;0;0;0;0;0;5;5;8.01056566468;
Sullivan;0;0;0;0;0;0;5;10;7;13;5;10;11.6917933497;
Jorden;6;7;7;5;0;5;0;0;0;0;0;0;0;
Beckett;0;0;0;0;5;0;12;10;14;17;18;12;30.7736715504;
Torin;0;0;0;0;0;0;6;9;0;0;6;0;0.616752730937;
Julien;9;0;10;5;0;9;9;5;10;14;5;11;17.2292970565;
Mateo;18;9;17;27;19;25;34;18;33;31;26;35;56.4839695584;
Cayden;7;5;12;11;9;16;26;20;19;18;24;23;35.0847994392;
Colten;6;0;8;0;8;14;6;7;14;19;6;11;23.9546693146;
Keaton;11;13;11;13;10;19;19;14;24;7;24;14;19.0734403485;
Kaeden;0;7;10;5;10;9;9;16;0;10;0;0;0;
Victor;42;37;24;22;23;16;20;30;18;15;15;15;0;
Conor;12;9;10;14;0;5;8;8;6;7;0;0;0;
Coby;0;0;0;0;6;0;0;0;0;7;5;0;9.34462603455;
Simeon;0;0;0;0;0;0;0;0;0;5;0;0;2.48686881901;
Phillip;5;8;0;0;0;6;10;0;0;5;0;0;0;
Mehtab;0;0;0;0;6;0;0;7;9;7;10;6;17.2529857497;
Fergus;6;0;0;0;0;0;0;0;0;0;0;5;0.0120414803771;
Ernest;0;0;0;0;0;0;0;0;5;0;0;0;0;
Edmund;0;0;0;0;0;6;0;0;0;0;0;0;1.33621937984;
Karsen;0;0;0;0;0;0;0;0;0;6;0;0;2.98424258339;
Jamie;13;16;15;11;9;17;11;8;10;9;11;9;3.43058807805;
Joshua;293;308;276;227;265;223;205;193;168;159;134;110;0;
Joven;0;0;0;0;0;6;5;0;0;0;0;0;0.773439308293;
Moses;0;0;0;0;0;0;5;5;8;8;6;0;6.59784268411;
Owen;84;120;149;181;154;149;199;179;182;147;185;157;246.770401132;
Marshall;8;16;25;10;14;8;8;27;19;16;17;19;16.487681128;
Miller;0;0;5;0;0;0;0;5;5;8;0;0;2.29313586672;
Kade;8;9;6;15;6;11;8;14;17;20;19;17;29.4327327459;
Yusuf;0;0;0;5;0;5;0;0;7;11;6;7;17.5047906955;
Isiah;5;0;0;0;0;0;0;0;0;0;0;0;0;
Daxon;0;0;0;0;0;0;0;0;0;0;5;0;5.0676435351;
Tavian;0;0;0;0;0;6;0;0;0;0;0;0;1.33621937984;
Cohen;5;7;5;15;34;35;51;59;59;78;58;48;125.686091921;
Pavan;0;0;0;0;5;0;0;0;0;0;0;0;2.65318089073;
Dilraj;8;5;0;8;0;0;0;6;0;0;9;6;4.12104981695;
Jaiden;11;12;12;16;19;21;23;14;10;10;9;10;11.5242489206;
Drake;11;9;6;10;8;5;12;8;14;24;10;15;20.0018128967;
Luis;5;0;8;8;0;6;7;5;0;6;0;0;0;
Darwin;0;0;0;0;0;0;0;5;0;0;0;5;1.8728279759;
Cullen;0;0;0;0;0;0;0;0;0;6;0;0;2.98424258339;
Henry;18;32;28;24;29;27;33;56;48;77;70;98;151.269088206;
Zachariah;0;8;12;6;0;5;0;0;0;0;0;7;0.010670131423;
Ibrahim;0;5;0;6;5;8;5;5;7;11;0;14;17.7271766685;
Kaelen;0;0;5;0;0;0;0;0;0;0;0;0;0;
Denis;0;0;0;0;0;0;0;0;8;5;0;0;2.7600236008;
Kale;5;7;6;6;8;0;16;20;12;11;10;10;6.97734932782;
Nickolas;10;13;8;12;12;15;9;10;11;9;6;5;2.15765651345;
Charles;26;32;41;46;53;51;44;54;59;47;68;65;109.019058967;
Karson;5;0;0;7;5;5;5;6;0;15;5;8;19.517953809;
Olivier;0;0;0;0;0;0;0;0;0;0;0;6;4.37358641506;
Ashaan;0;0;0;0;0;0;0;0;0;5;0;0;2.48686881901;
Roman;8;14;0;9;25;16;20;19;20;19;28;30;48.6675887593;
Cruz;0;0;0;0;0;0;10;22;17;13;22;26;27.9512230314;
Braden;26;24;17;29;22;13;12;15;8;9;5;7;0;
Lyric;0;0;0;0;0;0;0;0;0;0;5;6;8.67176830613;
Corey;5;10;7;0;0;0;7;0;5;5;7;0;0;
Campbell;5;5;0;0;0;0;0;0;0;0;0;0;0;
Kristian;8;7;7;0;9;6;5;13;9;8;7;0;0;
Eshan;0;0;0;0;5;0;0;5;0;0;0;0;0.586687998997;
Thomas;112;121;95;81;94;113;94;82;77;88;78;85;48.8486977875;
Leland;0;0;0;0;15;17;22;14;14;20;10;10;29.0517579818;
Daemon;0;0;0;0;0;0;0;0;0;0;6;0;6.08117224113;
Alex;41;48;50;36;35;39;36;39;33;47;31;31;19.4840008226;
Zachary;141;129;110;124;95;78;91;96;66;70;76;80;0;
Taven;0;0;0;0;0;0;0;0;0;0;5;0;5.0676435351;
Lance;7;6;9;7;7;6;0;0;9;0;5;0;0;
Agam;0;0;0;0;0;0;0;0;0;0;0;5;3.6446554132;
Carl;8;7;0;7;6;0;0;0;0;5;6;5;7.91107730504;
Tommy;8;15;10;11;0;6;6;5;6;0;0;0;0;
Kobe;12;16;17;12;5;14;9;15;7;13;6;0;0;
Renzo;5;0;0;0;0;0;0;0;0;0;0;0;0;
James;145;134;146;142;164;158;159;191;151;153;170;147;170.726579537;
Ethan;289;414;325;332;292;277;291;283;300;247;246;297;142.367643334;
Kalen;12;8;0;11;7;0;9;11;6;7;0;6;0;
Jericho;0;0;0;0;0;5;6;0;9;0;0;6;4.20213035292;
Aydan;0;0;5;5;0;6;7;0;0;0;0;5;3.99473216961;
Koby;8;0;5;0;0;0;6;0;6;0;6;0;0;
Braedan;5;6;0;0;0;0;0;0;0;0;0;0;0;
Vincent;19;25;27;27;30;20;39;33;27;36;34;37;53.7042953451;
Mattias;17;15;14;29;19;28;30;24;22;12;22;19;24.4590973859;
Gunner;0;0;0;0;0;0;0;0;0;0;5;0;5.0676435351;
Riley;97;106;91;112;103;111;96;113;107;81;80;68;43.4623371606;
Harkirat;0;0;0;0;0;7;0;0;0;0;0;0;1.55892254916;
Otis;0;0;0;0;0;0;0;0;0;8;0;6;9.99306833715;
Brock;10;12;17;15;8;0;11;5;9;12;0;5;0;
Taylor;40;30;32;27;14;30;40;22;24;21;21;18;0;
Nigel;12;9;6;5;0;6;9;6;6;5;0;6;0;
Bilal;0;0;0;6;0;0;0;0;0;0;0;0;1.39484236882;
Lyndon;0;0;5;0;0;6;6;0;9;0;8;0;3.20118703733;
Harris;0;0;0;0;0;7;0;0;5;0;6;0;8.40339986889;
Kalem;5;6;0;0;0;0;0;0;0;0;0;5;0;
Bikram;0;0;0;0;0;5;0;0;0;0;0;0;1.11351612759;
Terry;0;8;5;0;7;0;0;9;0;0;0;5;0;
Justin;176;211;156;109;117;111;118;103;82;71;61;71;0;
Zander;0;0;11;7;10;6;11;11;14;7;19;9;26.7363460237;
Tristian;0;0;0;0;0;0;0;0;5;0;0;0;0;
Kyson;0;0;0;0;0;0;0;0;0;5;0;0;2.48686881901;
Curtis;31;32;14;17;20;17;13;13;12;8;17;14;0;
Kian;0;9;6;11;19;12;18;18;14;18;20;24;44.8914415992;
Prabhdeep;0;0;0;0;0;0;0;0;0;5;0;0;2.48686881901;
Dario;0;0;0;0;0;7;0;10;0;0;0;0;0;
Alejandro;0;7;0;0;8;0;5;7;0;7;6;0;2.27473848293;
Domenic;0;0;5;0;0;0;0;0;6;10;0;0;3.84484003569;
Mustafa;0;0;0;0;0;5;0;0;6;0;0;0;0;
Quin;0;0;0;0;0;0;0;0;6;0;0;0;0;
Arshdeep;8;15;11;7;0;0;7;8;0;0;0;0;0;
Payton;6;10;7;7;13;8;7;13;11;7;5;8;3.45098506618;
Calen;0;0;0;0;0;0;0;0;0;6;0;0;2.98424258339;
Cale;12;8;6;0;0;0;9;0;0;0;0;0;0;
Donald;9;5;0;10;10;0;10;0;0;7;0;6;5.6087828916;
Vince;0;0;0;0;0;0;0;0;0;0;0;5;3.6446554132;
Ishan;0;0;7;0;0;0;5;0;0;0;0;0;0;
Joe;0;6;0;0;0;0;5;5;0;0;0;0;0;
Caleb;107;94;100;84;83;77;92;92;95;89;90;113;77.5925603109;
Ahmed;6;0;8;0;5;0;8;0;7;0;5;9;5.62841555334;
Lucian;0;0;0;0;0;0;6;0;10;9;6;6;12.8070485642;
Gareth;5;6;0;0;0;0;0;0;0;0;0;0;0;
Dean;8;7;7;8;9;12;10;15;12;6;14;16;17.6351688854;
Derrick;0;7;0;8;0;0;0;5;0;0;0;5;0;
Louie;0;0;0;0;0;0;0;8;0;6;0;0;0.0176463062768;
Grant;9;0;14;6;7;12;9;6;12;0;10;8;9.53449716663;
Kye;0;0;0;0;7;7;5;0;9;0;8;5;14.4116695391;
George;22;14;13;17;21;27;22;18;24;22;20;27;31.2031653625;
Odin;0;0;0;0;6;0;7;17;9;11;16;17;27.4156461766;
Nikhil;5;0;0;5;0;5;6;0;8;7;0;7;6.46158837407;
Jigar;0;0;0;0;0;0;0;0;0;5;0;0;2.48686881901;
Rowen;0;0;0;0;0;5;0;0;0;0;0;5;4.28480653936;
Ocean;0;0;0;0;0;5;0;0;0;0;0;0;1.11351612759;
Floyd;0;0;0;0;0;0;0;0;5;0;0;0;0;
Jeffrey;31;29;22;29;26;26;19;14;11;13;10;16;1.10956618623;
Connor;136;119;153;140;125;123;109;103;105;103;89;85;58.2603031361;
Leighton;0;0;0;0;0;0;0;5;6;6;0;0;2.26339318205;
Craig;10;0;8;0;0;0;5;0;0;0;0;0;0;
Brogan;0;0;0;0;0;0;0;6;0;0;0;0;0;
Gavin;58;74;86;66;99;90;120;104;115;110;96;108;128.750972374;
Sahil;19;21;20;21;20;18;16;14;12;11;7;10;0;
Todd;0;0;9;0;0;0;0;0;0;0;0;0;0;
Reuben;0;9;9;9;0;10;7;8;8;9;8;9;10.3512428674;
Gauge;0;0;0;0;0;0;0;0;8;0;0;0;0;
Heath;0;0;0;0;0;8;5;5;5;6;7;8;14.2776484688;
Oskar;0;0;0;0;0;6;0;7;0;0;0;0;0;
Jordyn;0;0;0;5;0;0;0;0;0;0;0;0;1.16236870487;
Mack;0;0;0;0;0;0;0;0;0;5;0;0;2.48686881901;
Larry;0;0;0;0;0;6;0;0;0;0;0;0;1.33621937984;
Sterling;6;7;7;5;0;0;5;0;0;0;7;7;0.985626833468;
Kevin;94;98;65;55;71;44;44;47;47;45;39;36;0;
Sage;6;0;7;6;7;0;0;0;9;5;6;0;5.05876927944;
Akashdeep;6;5;6;5;0;0;0;5;0;0;0;0;0;
Clifford;0;0;0;0;0;0;0;0;0;5;0;0;2.48686881901;
Rio;0;5;0;6;5;0;0;7;5;10;7;9;15.4784061636;
Cristian;7;0;5;0;5;0;0;5;0;0;0;0;0;
Jett;5;0;6;5;7;18;9;8;12;12;15;10;27.0144601617;
Micheal;9;7;5;6;5;6;10;7;0;0;0;0;0;
Rocco;0;0;0;5;5;5;9;10;10;0;5;7;8.80487679056;
Colt;0;0;0;0;0;0;0;0;0;5;0;5;8.0682274048;
Gurshaan;0;0;0;0;7;11;14;17;10;13;10;15;23.9003363224;
Avery;22;22;19;15;15;21;19;24;20;16;26;25;20.5688829941;
Andr;0;0;0;0;5;8;5;0;5;8;0;5;11.7314116784;
Beckham;0;0;0;0;0;0;0;0;5;0;0;7;4.58624798597;
Andrew;167;149;152;147;137;129;112;91;105;92;69;76;0;
Aikam;0;0;0;0;0;0;0;12;14;18;16;10;25.7185882655;
Malakai;0;0;0;0;0;8;6;9;8;11;8;0;7.90550088652;
Armaan;17;24;29;42;52;51;38;42;48;38;51;48;88.9565372378;
Frank;6;10;7;6;7;10;8;0;8;7;11;8;13.368320027;
Andy;12;19;15;14;18;19;21;9;14;12;16;15;16.4552961966;
Cole;126;133;112;112;113;126;102;99;96;93;70;69;7.74566967049;
Orion;0;0;0;0;5;0;6;7;6;9;10;11;23.4392863828;
Tyrone;12;0;0;5;7;0;0;0;0;7;0;0;5.65277177862;
Bishop;0;0;0;0;0;0;0;0;0;5;0;0;2.48686881901;
Damian;9;17;17;16;13;17;16;26;22;21;20;25;26.3720856684;
Andrei;0;0;5;0;0;5;6;5;0;0;6;0;2.02666811262;
Scott;27;45;30;21;18;19;12;11;20;11;10;6;0;
Adrien;0;0;6;0;6;5;0;0;0;5;0;0;5.21995028458;
Joaquin;0;0;0;6;0;0;0;0;0;0;0;10;10.0774237682;
Finn;11;16;17;26;22;22;31;27;34;35;33;22;48.0438592904;
Dryden;5;5;8;0;0;7;0;0;0;0;0;0;0;
Kelvin;9;10;10;5;9;0;5;7;5;6;0;9;0;
Hunter;58;57;66;56;62;67;79;96;105;69;103;104;107.537429892;
Coen;0;0;0;5;8;7;9;10;11;10;14;8;29.5420418118;
Rowan;14;19;22;33;27;37;35;23;43;24;36;34;63.2872769963;
Alessandro;0;5;0;0;0;0;8;0;0;0;0;7;1.16082922585;
Jaden;63;69;60;51;36;44;55;45;41;29;32;29;0;
Dillon;9;11;10;8;7;0;7;6;5;5;0;7;0;
Brooklyn;0;0;0;0;5;0;0;0;0;0;0;0;2.65318089073;
Angelo;9;15;10;6;12;6;17;0;14;8;6;7;0;
Himmat;0;0;0;6;0;0;0;7;9;0;7;10;12.8369670177;
Robin;0;8;6;0;0;0;6;6;8;0;0;7;0;
Mohammed;8;12;14;12;5;0;11;7;12;13;18;10;13.5243140648;
Maxx;0;0;0;0;0;0;0;0;0;0;7;6;10.5789478495;
Alan;16;9;5;13;12;15;12;10;11;9;0;9;1.53378089679;
Dorian;0;8;0;6;9;8;10;5;9;7;12;0;15.7708082812;
Sacha;7;0;0;0;0;7;6;7;0;0;0;0;0;
Alexander;215;175;200;191;202;183;181;159;195;195;184;190;201.382975896;
Quinton;13;11;6;10;7;9;10;7;14;19;7;9;8.54641872435;
Christian;61;60;53;45;40;39;35;43;47;42;21;29;0;
Fabian;0;0;0;0;0;5;0;0;0;0;0;0;1.11351612759;
Devan;9;0;0;0;0;0;6;7;6;6;6;5;2.62659609977;
Kingsley;0;0;0;0;0;0;0;0;0;9;16;11;27.8482076073;
Manav;0;0;0;6;10;5;7;7;8;7;0;5;15.2364922932;
Stefan;10;6;14;12;5;14;7;11;7;6;8;10;7.29958189527;
Dyson;0;0;0;0;0;0;0;0;0;0;0;5;3.6446554132;
Holden;0;7;10;11;6;10;9;17;21;19;14;10;22.6773912995;
Gunnar;0;0;0;0;0;0;0;0;0;5;0;0;2.48686881901;
Colin;35;38;29;36;36;24;31;24;34;24;24;25;13.1710026136;
Jovan;10;12;13;12;10;11;11;10;19;19;15;7;14.9654171261;
Mathew;32;33;21;19;19;15;19;15;14;9;6;0;0;
Harsh;0;0;0;0;6;0;0;0;0;0;0;0;3.18381707431;
Makai;0;0;0;0;0;0;0;0;6;5;0;5;6.01017577162;
Mitchell;44;32;37;27;40;24;14;20;19;14;9;11;0;
Khalil;0;0;0;0;5;0;0;0;0;0;0;0;2.65318089073;
Zackary;21;15;13;10;10;17;14;12;8;11;12;15;6.65278399431;
Jeffery;9;5;0;6;0;8;0;0;0;0;5;0;0;
Vance;0;0;0;0;0;0;0;0;6;7;6;0;8.08678242496;
Aron;0;6;0;0;0;0;0;0;0;0;0;0;0;
Zayan;0;0;0;0;0;0;0;0;0;0;0;6;4.37358641506;
Armin;0;0;0;0;0;0;0;0;0;5;0;0;2.48686881901;
Ethen;0;0;0;0;0;0;0;0;5;0;0;0;0;
Roan;0;0;7;7;0;6;6;0;0;6;0;0;4.31398906685;
Kendrick;0;0;0;0;0;0;0;6;0;0;0;0;0;
Abdulaziz;0;0;0;0;0;0;0;0;0;0;0;7;5.10251754972;
Jaskarn;7;0;0;5;5;0;0;0;0;0;0;0;0.668530159314;
Kellen;0;0;0;0;0;0;0;0;8;9;6;7;14.6290011042;
Dane;9;6;10;7;9;21;29;24;20;17;0;12;6.19158339474;
Rayan;0;0;0;0;0;0;5;5;8;7;6;0;6.02510873175;
Koa;0;0;0;0;0;0;0;0;0;0;0;5;3.6446554132;
Nathan;179;164;191;217;206;213;181;224;187;178;188;147;193.351162133;
Graysen;0;0;5;0;0;0;0;5;0;6;6;0;5.1204209155;
Haiden;5;0;0;0;0;0;0;0;5;5;0;0;0;
Caeden;0;0;5;0;0;0;0;0;0;0;0;0;0;
Tomas;0;8;9;6;5;5;7;0;10;0;5;7;5.81035366614;
Monty;0;0;0;0;0;0;0;0;0;5;0;0;2.48686881901;
Dant;0;0;0;0;0;0;0;6;0;0;0;0;0;
Kirk;0;0;0;0;0;0;0;0;0;5;0;0;2.48686881901;
Sylas;0;0;0;0;0;0;0;0;0;9;7;9;18.7725747635;
Fischer;0;0;0;0;0;0;0;0;0;0;0;5;3.6446554132;
Gurinder;5;5;0;0;0;0;0;0;0;0;0;0;0;
Winston;12;7;7;7;0;11;7;0;0;9;7;16;11.0066843663;
Cael;0;0;0;0;0;5;0;0;0;5;0;5;7.69902592229;
Devin;40;26;34;20;18;27;26;15;10;13;20;14;0;
Zane;9;7;9;5;0;9;13;9;11;14;8;14;8.30567079406;
Sean;82;73;64;60;58;47;44;51;43;37;25;21;0;
Mehar;0;0;0;0;6;0;0;0;0;6;0;8;12.2716406067;
Howard;0;7;0;0;0;0;0;0;0;6;0;0;0;
Harrison;22;28;16;18;28;14;26;21;18;13;35;37;36.0129367338;
Eshaan;0;0;0;0;0;6;6;5;8;10;9;6;16.1198018281;
Archer;0;0;0;0;0;0;0;0;14;5;8;17;24.8262870534;
Tait;0;0;5;5;0;0;0;0;0;0;0;0;0;
Diego;10;19;11;21;22;27;21;11;10;7;10;8;11.2064357174;
Emmanuel;9;5;6;0;0;6;6;8;12;9;8;9;4.6686029865;
Nate;0;0;0;0;15;14;11;14;17;5;12;9;23.3941309243;
Angad;0;0;0;0;0;6;10;13;13;10;12;11;14.6370752091;
Antonio;18;14;20;12;13;13;10;16;8;10;10;8;0;
Samuel;147;145;139;145;142;140;135;139;142;136;147;140;142.943663393;
Mohit;7;0;0;0;0;0;0;0;0;0;0;0;0;
Billy;0;7;7;7;6;0;0;0;0;0;0;0;0;
Zephyr;0;0;0;0;0;0;0;0;5;5;5;0;6.35999879151;
Royce;0;6;5;0;0;0;0;0;0;0;7;5;5.30994057933;
Mantej;0;0;0;0;0;0;0;0;0;0;6;0;6.08117224113;
Josiah;11;21;19;17;19;15;33;20;30;25;17;16;17.1599333076;
Amar;5;0;7;5;5;0;0;0;5;0;0;0;0;
Jasper;14;17;17;17;21;16;28;34;33;36;42;35;58.2649435582;
Edwin;11;8;0;6;6;8;5;5;8;7;7;14;11.0483166886;
Vaughn;0;0;5;0;0;0;8;0;0;0;0;0;0;
Harshan;0;0;0;0;0;0;5;0;5;0;0;0;0;
Enzo;0;0;0;0;0;0;10;7;0;11;12;9;19.2128089954;
Marcos;0;0;5;0;0;0;0;0;0;0;0;0;0;
Ahmad;0;0;6;7;5;6;10;9;0;0;6;6;9.06940616959;
Marcel;0;0;0;5;0;8;0;9;0;0;0;8;6.22137070735;
Ryker;0;0;0;0;5;0;7;6;13;22;33;30;69.0331137986;
Darian;15;11;17;6;10;10;0;8;0;0;9;6;0;
Minh;5;0;0;0;0;0;0;0;0;0;0;0;0;
Johnson;10;0;0;0;0;0;0;0;0;5;0;0;0;
Blaine;0;0;0;0;0;0;0;5;0;0;0;0;0;
Jun;0;0;7;0;0;7;0;0;0;0;0;6;4.91156393643;
Aman;7;8;0;8;5;0;0;0;0;0;0;0;0;
Louis;5;0;14;6;9;10;8;13;6;15;14;13;27.1072251264;
Bronson;0;5;7;5;0;0;0;0;5;0;5;0;0.176220744102;
Sahib;10;6;10;11;9;12;10;22;18;29;27;28;49.8024827538;
Hayes;0;0;0;0;0;0;0;0;0;0;5;0;5.0676435351;
Carsen;0;0;5;0;0;0;6;0;0;0;0;0;0;
Blaze;6;0;0;0;0;0;0;0;5;6;0;0;0;
Kirat;0;0;0;0;0;0;0;0;0;6;0;0;2.98424258339;
Dennis;11;5;8;5;10;0;7;6;7;6;7;0;0;
Solomon;0;7;10;5;13;12;8;9;12;10;10;14;25.0261297831;
Tavish;0;0;0;5;0;0;0;0;0;0;8;0;7.50124827069;
Kayden;13;18;24;24;31;43;60;42;60;56;41;54;79.897197407;
Ezekiel;0;0;0;7;7;7;6;8;7;10;7;8;21.8503418602;
Finnegan;0;0;0;0;7;7;5;8;6;7;6;0;11.0591905834;
Luc;6;0;7;5;8;6;6;13;9;0;11;5;7.59489895858;
Jos;0;0;0;0;0;5;0;0;0;0;0;0;1.11351612759;
Jaxen;0;0;0;0;0;0;0;6;7;5;7;8;12.0364198182;
Kennedy;5;0;0;0;0;0;0;0;0;0;0;0;0;
Daxton;0;0;0;0;0;0;0;0;0;10;12;10;24.0360654158;
Kiran;0;0;0;0;0;0;0;0;0;0;0;5;3.6446554132;
Arjan;5;5;0;6;7;10;7;0;9;8;0;14;13.612505899;
Brady;21;25;29;28;33;27;24;44;27;34;31;26;35.9561297519;
