Kash;0;0;0;0;0;0;5;5;9;0;8;9;
Eamon;0;0;0;6;0;0;5;0;0;0;0;0;
Arman;13;10;11;10;12;7;13;18;14;10;7;12;
Boaz;0;0;0;0;0;0;0;0;0;0;0;6;
Kyran;0;0;5;0;0;0;0;0;0;0;0;0;
Ashton;33;21;67;58;61;54;50;63;51;51;50;35;
Liam;214;180;199;165;180;200;211;193;286;263;263;264;
Reed;0;7;0;0;0;0;0;7;9;11;5;7;
Cassius;0;0;0;0;0;5;9;0;10;0;0;5;
Colton;55;42;42;39;38;39;39;47;49;56;58;46;
Aidan;106;141;148;118;114;125;95;84;61;57;60;50;
Floyd;0;0;0;0;0;0;0;0;5;0;0;0;
Marley;0;0;0;0;0;0;5;0;0;5;0;0;
Abdullah;0;7;0;7;5;0;6;5;0;7;5;5;
Glenn;7;0;0;0;0;0;0;0;0;0;0;0;
Lucien;0;0;0;0;0;0;6;0;0;7;0;0;
Matteo;25;24;30;25;29;28;26;27;30;30;39;21;
Harley;6;5;6;0;5;8;5;7;5;9;0;9;
Gordon;8;12;6;8;10;15;12;7;19;5;11;8;
Manveer;0;0;5;0;0;7;0;0;0;0;5;0;
Fergus;6;0;0;0;0;0;0;0;0;0;0;5;
Karim;0;0;0;0;0;0;0;0;0;0;0;5;
Ahmad;0;0;6;7;5;6;10;9;0;0;6;6;
Davin;9;5;5;8;6;5;7;6;12;0;6;5;
Emil;0;0;5;0;0;0;0;0;0;0;0;0;
Steven;47;44;36;35;25;26;24;26;24;19;11;22;
Zachery;5;12;10;5;8;0;0;8;6;0;0;5;
Roan;0;0;7;7;0;6;6;0;0;6;0;0;
Manpreet;6;0;0;0;0;0;0;0;0;0;0;0;
David;114;105;105;105;87;99;87;80;95;71;83;74;
Otis;0;0;0;0;0;0;0;0;0;8;0;6;
Maxime;0;0;0;0;0;0;0;0;5;8;0;0;
Quinlan;0;0;5;0;6;0;0;0;0;5;0;0;
Brendon;11;6;5;5;0;0;0;0;0;0;0;0;
Rayan;0;0;0;0;0;0;5;5;8;7;6;0;
Miguel;10;13;14;10;10;9;9;7;8;8;14;9;
Vance;0;0;0;0;0;0;0;0;6;7;6;0;
Davis;11;7;10;11;8;9;5;10;11;10;8;8;
Ayaan;0;0;0;0;0;0;5;6;0;7;13;10;
Parteek;0;0;0;0;0;0;0;0;0;0;5;0;
Ishan;0;0;7;0;0;0;5;0;0;0;0;0;
Maxim;0;0;8;10;7;6;11;12;11;16;13;15;
Jaskarn;7;0;0;5;5;0;0;0;0;0;0;0;
Mario;0;0;0;0;0;11;10;6;0;0;0;0;
Dennis;11;5;8;5;10;0;7;6;7;6;7;0;
Billy;0;7;7;7;6;0;0;0;0;0;0;0;
Corbin;12;14;11;10;10;17;18;19;26;22;21;20;
Orlando;0;0;0;0;0;0;0;0;0;6;0;0;
Mehtab;0;0;0;0;6;0;0;7;9;7;10;6;
Gagandeep;5;0;0;0;0;0;0;0;0;0;0;0;
Harshaan;0;0;0;0;0;0;0;5;8;5;10;7;
Leo;10;17;17;27;27;27;23;29;35;33;57;69;
Deacon;0;0;0;0;0;0;7;7;8;6;0;0;
Brent;9;0;0;6;0;0;7;0;5;6;0;0;
Cory;7;8;5;7;6;5;7;5;0;0;0;8;
Lewis;6;6;5;0;0;6;9;9;5;7;16;11;
Kirk;0;0;0;0;0;0;0;0;0;5;0;0;
Oliver;36;31;54;41;61;95;103;118;141;125;142;150;
Shay;0;0;0;0;0;0;0;0;5;0;0;0;
Rowan;14;19;22;33;27;37;35;23;43;24;36;34;
Emilio;0;0;5;7;12;6;5;7;5;0;6;0;
Hunter;58;57;66;56;62;67;79;96;105;69;103;104;
Sartaj;0;5;0;5;0;0;0;0;6;0;8;0;
Daxon;0;0;0;0;0;0;0;0;0;0;5;0;
Kenneth;23;24;23;19;24;10;20;16;14;10;17;16;
F;0;0;0;0;0;0;0;0;6;0;0;0;
Eshaan;0;0;0;0;0;6;6;5;8;10;9;6;
Flynn;0;0;0;0;0;5;0;0;0;0;6;6;
Heath;0;0;0;0;0;8;5;5;5;6;7;8;
Tristyn;0;0;0;0;0;0;0;0;5;0;0;0;
Jermaine;0;6;0;0;0;0;0;0;0;0;0;0;
Tiago;0;0;0;0;6;0;0;5;0;5;0;0;
Beck;0;0;0;0;5;0;0;0;0;0;0;0;
Sahaj;0;0;0;0;0;0;0;0;0;5;0;0;
Enzo;0;0;0;0;0;0;10;7;0;11;12;9;
Graeme;20;11;9;8;8;10;6;9;7;9;0;5;
Fenton;0;0;0;0;0;0;5;0;0;0;0;0;
Titus;0;0;0;0;6;0;0;0;0;0;5;0;
Sacha;7;0;0;0;0;7;6;7;0;0;0;0;
Finn;11;16;17;26;22;22;31;27;34;35;33;22;
Gurkaran;5;7;6;0;6;0;5;5;0;0;0;0;
Thor;0;0;0;0;0;0;0;0;0;5;6;0;
Daniel;173;159;162;166;174;184;180;150;152;169;131;150;
Denis;0;0;0;0;0;0;0;0;8;5;0;0;
Gabriel;73;79;85;82;84;79;87;102;94;105;93;95;
Callan;0;0;0;0;0;0;0;0;0;0;5;0;
Dallas;13;11;11;14;14;13;11;22;18;9;9;6;
August;0;0;0;0;0;0;0;0;6;12;7;6;
Jonas;8;17;0;9;13;31;16;27;14;9;12;9;
Jakob;43;43;33;40;33;30;34;37;39;32;21;19;
Benjamin;198;186;193;192;172;196;181;194;195;210;209;176;
Paul;18;19;24;23;23;17;22;15;23;25;13;9;
Dominic;24;38;42;48;44;56;65;59;72;68;64;74;
Luca;16;27;25;25;30;25;35;34;39;35;56;41;
Braydon;14;12;12;7;9;6;11;15;6;7;7;0;
Rylie;0;0;6;0;0;0;0;0;0;0;0;0;
Ricardo;0;0;5;0;0;0;0;0;0;0;0;0;
Tanvir;6;0;5;0;0;0;0;0;0;0;0;0;
Zayden;0;0;0;0;0;0;0;0;8;5;7;7;
Dominik;0;8;6;9;9;9;15;7;7;6;13;12;
Aarush;0;0;0;0;0;0;0;0;5;0;0;0;
Sahil;19;21;20;21;20;18;16;14;12;11;7;10;
Cade;13;10;11;6;8;0;9;12;6;0;7;6;
Karson;5;0;0;7;5;5;5;6;0;15;5;8;
Orion;0;0;0;0;5;0;6;7;6;9;10;11;
Yusuf;0;0;0;5;0;5;0;0;7;11;6;7;
Syed;0;0;0;0;0;0;6;5;0;0;6;0;
Amrit;10;9;8;6;0;6;5;0;6;0;0;0;
Troy;21;13;14;16;21;12;19;11;12;9;19;17;
Minh;5;0;0;0;0;0;0;0;0;0;0;0;
Isaiah;35;52;47;49;48;38;48;55;40;45;53;54;
Darien;11;0;5;0;0;0;0;0;0;7;0;0;
Farhan;0;0;0;0;0;0;0;0;0;0;0;5;
Jaxton;0;0;0;0;0;0;0;0;5;0;0;0;
Matias;7;6;7;5;6;6;11;7;15;15;10;5;
Nikola;0;9;0;8;0;0;0;0;0;0;0;0;
Victor;42;37;24;22;23;16;20;30;18;15;15;15;
Tyrone;12;0;0;5;7;0;0;0;0;7;0;0;
Carl;8;7;0;7;6;0;0;0;0;5;6;5;
Kole;6;10;6;6;7;8;5;9;7;6;0;6;
Ari;0;0;0;0;0;5;0;5;12;9;13;10;
Korbin;0;0;0;0;0;0;5;0;0;0;0;0;
Kiefer;0;6;0;0;0;5;0;0;0;0;0;0;
Carsen;0;0;5;0;0;0;6;0;0;0;0;0;
Gauge;0;0;0;0;0;0;0;0;8;0;0;0;
Cayden;7;5;12;11;9;16;26;20;19;18;24;23;
Erik;27;32;27;13;16;21;21;28;21;24;20;15;
Jeffery;9;5;0;6;0;8;0;0;0;0;5;0;
Johan;0;0;0;0;0;0;0;0;0;0;0;5;
Shane;19;22;20;10;13;17;21;13;17;7;16;9;
Alejandro;0;7;0;0;8;0;5;7;0;7;6;0;
Eric;90;105;96;82;63;75;60;56;46;63;49;42;
Daxton;0;0;0;0;0;0;0;0;0;10;12;10;
Izaiah;0;0;0;0;0;0;0;0;5;0;0;0;
Emmanuel;9;5;6;0;0;6;6;8;12;9;8;9;
Harrison;22;28;16;18;28;14;26;21;18;13;35;37;
Aditya;0;0;0;0;5;0;0;0;0;0;0;5;
Brandon;168;142;109;115;97;80;66;73;68;60;56;41;
Kalan;0;0;0;0;8;0;7;5;0;0;0;0;
Nikolai;0;7;8;5;6;0;0;6;10;0;8;8;
Sukhman;6;10;6;10;9;9;0;9;6;5;0;6;
Henrik;0;0;0;0;0;0;0;0;0;6;12;0;
Nikolas;15;15;19;15;14;16;16;15;18;22;15;16;
Deklan;0;0;0;0;6;0;0;0;0;0;0;0;
Bentley;0;0;0;0;0;0;0;0;8;28;42;72;
Zi;0;0;0;0;0;0;0;0;0;0;0;7;
Terence;6;0;6;0;0;0;0;0;0;5;0;0;
Kolby;17;7;8;10;9;0;9;7;5;0;0;5;
Tai;0;0;0;6;0;6;0;0;0;0;0;0;
Karman;0;0;0;0;0;0;0;6;9;0;0;5;
Mason;50;61;62;57;50;76;74;126;164;201;239;207;
Ethen;0;0;0;0;0;0;0;0;5;0;0;0;
Tavin;0;0;0;0;0;0;0;0;0;7;0;0;
Noel;7;9;0;0;0;0;0;0;0;0;6;0;
Brian;59;55;39;33;29;33;33;21;20;12;16;11;
Prince;0;0;0;0;0;0;0;5;0;0;0;0;
Derek;32;31;23;28;19;24;29;18;24;19;19;24;
Kevin;94;98;65;55;71;44;44;47;47;45;39;36;
Baron;0;0;0;0;0;0;0;0;0;0;5;0;
Rajveer;5;0;0;0;5;0;0;0;0;0;0;0;
Kenny;5;8;6;6;8;7;5;0;0;0;0;0;
Bronson;0;5;7;5;0;0;0;0;5;0;5;0;
Andreas;0;0;6;0;0;9;0;7;7;0;6;0;
Knox;0;0;0;0;0;0;0;0;0;9;9;8;
Harsh;0;0;0;0;6;0;0;0;0;0;0;0;
Donald;9;5;0;10;10;0;10;0;0;7;0;6;
Cedric;0;0;0;0;0;0;5;7;5;7;6;6;
Deegan;0;0;5;0;0;0;0;6;0;0;0;6;
Keegan;29;28;27;29;27;30;21;24;29;22;19;16;
Alvin;11;8;5;5;0;8;9;7;5;5;0;10;
Finnegan;0;0;0;0;7;7;5;8;6;7;6;0;
Colby;67;68;34;39;28;15;19;26;24;25;22;13;
Cody;64;49;47;40;47;35;28;29;31;27;29;17;
Sahej;0;0;0;0;0;0;0;0;0;0;8;7;
Jayson;10;0;5;8;0;0;7;7;7;0;0;0;
Payton;6;10;7;7;13;8;7;13;11;7;5;8;
Albert;12;10;8;6;7;5;7;9;7;0;0;6;
Garret;5;7;0;0;6;0;0;0;0;0;0;0;
Archer;0;0;0;0;0;0;0;0;14;5;8;17;
Kristian;8;7;7;0;9;6;5;13;9;8;7;0;
Niall;0;0;0;0;0;6;0;0;0;0;0;0;
Jeevan;9;7;0;7;0;6;5;11;0;0;6;5;
Manroop;0;0;0;0;0;0;0;0;0;5;0;0;
Leon;11;5;14;0;0;8;13;14;13;9;11;17;
Jared;78;52;36;30;18;27;24;19;13;10;17;12;
Fateh;0;0;0;0;0;0;0;0;0;0;5;5;
Anderson;0;0;0;0;0;12;8;8;12;9;6;13;
Blair;5;5;0;0;0;0;0;0;5;0;0;0;
Zain;0;0;0;0;0;5;6;0;6;0;0;6;
Hugo;0;0;0;6;6;8;11;8;12;11;16;15;
Johnny;5;9;5;10;6;9;14;8;12;7;6;0;
Jeff;0;8;0;0;0;0;0;0;0;0;0;0;
Jeffrey;31;29;22;29;26;26;19;14;11;13;10;16;
Brandan;0;5;0;0;0;0;0;0;0;0;0;0;
Grayson;13;21;15;16;18;16;19;32;39;63;76;69;
Nikhil;5;0;0;5;0;5;6;0;8;7;0;7;
Josiah;11;21;19;17;19;15;33;20;30;25;17;16;
Marlon;5;5;5;5;0;0;0;0;0;0;0;0;
Frederick;0;9;5;0;5;6;5;5;7;0;6;9;
Roland;0;0;0;6;0;0;0;11;0;6;0;0;
Draven;0;0;0;0;0;0;0;0;6;0;0;0;
Myles;15;13;11;11;19;18;12;26;14;15;23;30;
Massimo;0;0;0;5;0;0;6;0;0;8;0;0;
Ace;0;0;0;0;0;0;0;0;0;6;0;0;
Hudson;9;11;17;25;21;26;43;44;62;68;83;88;
Ryden;0;0;0;0;0;0;0;0;0;0;6;0;
Brenden;21;25;13;14;7;12;9;9;12;0;6;0;
Rocco;0;0;0;5;5;5;9;10;10;0;5;7;
Jordin;0;0;0;6;0;0;0;0;0;0;0;0;
Shaun;8;6;10;0;6;7;7;0;6;12;0;0;
Jigar;0;0;0;0;0;0;0;0;0;5;0;0;
Lyric;0;0;0;0;0;0;0;0;0;0;5;6;
Tyce;0;0;0;0;0;0;0;5;7;5;0;0;
Davyn;0;0;0;0;0;0;0;0;0;0;0;5;
Gaurav;5;0;0;0;0;6;0;5;0;0;0;0;
Izaak;6;6;0;0;0;0;0;0;0;0;0;0;
Cohen;5;7;5;15;34;35;51;59;59;78;58;48;
Joseph;99;99;108;84;109;87;75;88;64;60;61;63;
Forrest;0;0;0;0;7;0;0;0;0;5;0;0;
Zayan;0;0;0;0;0;0;0;0;0;0;0;6;
Angad;0;0;0;0;0;6;10;13;13;10;12;11;
Norman;0;0;6;5;5;0;0;0;0;0;0;0;
Bruce;6;8;0;0;14;8;0;11;6;10;7;6;
Clayton;27;17;16;15;15;8;9;13;12;5;10;11;
Sterling;6;7;7;5;0;0;5;0;0;0;7;7;
Hayden;41;60;65;71;81;77;79;94;81;72;88;78;
Taylor;40;30;32;27;14;30;40;22;24;21;21;18;
Marco;22;19;15;16;11;20;12;17;10;14;13;16;
Roger;7;0;0;0;0;0;0;0;0;5;0;5;
Peyton;0;5;7;8;8;11;22;22;16;13;10;10;
Austin;118;114;129;112;103;110;113;98;82;90;99;83;
Hao;0;0;0;0;0;0;0;0;0;0;5;0;
Sahib;10;6;10;11;9;12;10;22;18;29;27;28;
Hassan;0;0;0;6;0;0;0;5;0;6;0;0;
Nihal;0;0;0;0;0;0;5;0;0;0;8;0;
Paxton;0;0;0;0;0;0;0;9;9;18;13;16;
Adrian;43;24;33;35;41;33;39;28;31;39;32;35;
Kavan;0;0;0;0;0;0;0;0;0;0;0;5;
Lukasz;0;0;0;0;0;0;0;0;0;0;5;0;
Parker;31;39;31;36;48;49;45;61;56;53;56;82;
Anthony;99;85;73;77;76;80;80;78;64;64;56;57;
Enoch;5;0;0;0;0;0;0;0;0;0;0;0;
Camden;0;0;0;0;0;0;0;9;5;0;8;0;
Ryder;10;9;11;41;58;60;93;87;108;102;128;124;
Jonah;26;24;29;34;31;28;31;52;28;35;34;44;
Jensen;0;0;0;0;0;0;0;0;0;0;6;9;
Amritpal;7;0;0;0;0;0;0;0;0;0;0;0;
Jace;9;0;8;11;15;18;10;18;20;22;34;47;
Mack;0;0;0;0;0;0;0;0;0;5;0;0;
Jonathon;7;5;5;8;0;0;6;5;0;0;0;0;
Ezra;8;6;6;6;13;12;17;12;24;21;23;21;
Kurtis;12;20;7;13;10;6;7;6;0;0;0;8;
Jagraj;0;0;6;0;0;0;0;0;0;0;0;0;
William;159;167;146;147;159;151;166;153;164;176;154;133;
Jayden;84;72;94;88;91;92;147;144;138;145;125;146;
Aedan;0;0;7;5;5;6;0;0;0;5;0;0;
Terrance;5;0;0;0;0;0;0;5;6;0;0;5;
Jack;91;95;111;122;143;134;173;158;148;137;166;163;
Brayden;56;81;80;75;65;74;94;65;69;73;76;74;
Devlin;0;0;0;0;0;0;0;5;0;5;0;0;
Kashton;0;0;0;0;0;0;0;0;0;6;0;0;
Damon;16;16;13;16;18;14;11;16;11;16;20;15;
Desmond;0;7;5;10;7;0;12;11;14;14;14;18;
Angelo;9;15;10;6;12;6;17;0;14;8;6;7;
Brody;35;29;36;40;45;45;60;73;63;49;49;46;
Owen;84;120;149;181;154;149;199;179;182;147;185;157;
Jakub;0;0;0;0;0;6;5;0;0;0;0;0;
Ernest;0;0;0;0;0;0;0;0;5;0;0;0;
Bryn;0;0;0;5;0;0;0;0;0;0;0;0;
Alistair;0;0;0;0;0;7;7;0;0;7;7;5;
Colten;6;0;8;0;8;14;6;7;14;19;6;11;
Jaskirat;10;6;0;5;7;6;0;0;0;0;0;0;
Quinten;0;5;8;0;5;9;8;0;10;0;5;5;
Karsen;0;0;0;0;0;0;0;0;0;6;0;0;
Atticus;0;0;0;0;0;7;0;10;0;7;9;13;
Bradley;32;32;31;35;24;20;21;18;14;15;27;21;
Abel;0;0;0;0;0;0;0;0;0;0;5;12;
Bryden;10;0;0;0;0;0;6;5;5;5;0;0;
Jacky;0;9;0;11;0;5;13;0;0;0;0;0;
Kieran;25;25;41;31;37;28;28;29;26;16;26;23;
Joe;0;6;0;0;0;0;5;5;0;0;0;0;
Connor;136;119;153;140;125;123;109;103;105;103;89;85;
Nathanial;0;0;0;0;0;0;0;0;0;5;0;0;
Russell;12;15;13;11;13;13;6;7;7;9;10;12;
Jamal;0;6;0;0;0;0;0;0;0;0;0;0;
Reese;7;11;10;9;9;0;0;7;7;0;0;0;
Jos;0;0;0;0;0;5;0;0;0;0;0;0;
Tanner;45;44;39;33;34;31;29;26;31;39;40;32;
Julian;33;36;20;31;40;37;41;41;45;32;42;43;
Skye;0;0;0;0;0;0;0;0;6;0;0;0;
Logan;157;152;151;158;153;187;201;207;217;209;190;203;
Julio;0;0;0;0;6;0;0;0;0;0;0;0;
Cash;0;0;0;0;0;14;15;20;22;21;25;20;
Arshdeep;8;15;11;7;0;0;7;8;0;0;0;0;
Aliah;0;0;0;0;0;0;0;0;0;1;0;0;
Raymond;15;14;14;12;13;15;16;15;13;12;5;11;
Corey;5;10;7;0;0;0;7;0;5;5;7;0;
Westin;0;0;0;0;0;0;0;0;0;0;0;6;
Etienne;6;0;0;0;0;0;0;0;0;0;0;0;
Calum;7;12;6;7;5;0;5;6;7;8;7;6;
Conor;12;9;10;14;0;5;8;8;6;7;0;0;
Ruben;0;0;6;0;0;0;0;0;5;0;0;0;
Leighton;0;0;0;0;0;0;0;5;6;6;0;0;
Torin;0;0;0;0;0;0;6;9;0;0;6;0;
Aaden;0;0;0;0;0;0;0;9;13;0;0;0;
Anson;14;9;9;9;7;15;5;0;6;9;9;6;
Euan;0;5;0;5;0;5;0;0;6;0;0;0;
Devin;40;26;34;20;18;27;26;15;10;13;20;14;
Tyler;190;170;171;149;149;135;139;112;101;106;85;74;
Easton;6;5;0;7;8;9;12;16;20;22;40;33;
Preston;13;9;10;21;16;19;32;28;35;26;42;34;
Malakai;0;0;0;0;0;8;6;9;8;11;8;0;
Fletcher;0;0;0;0;0;0;0;0;0;0;5;0;
Isaak;7;0;0;0;0;0;0;0;0;0;5;0;
Maxwell;47;44;32;52;35;43;36;33;41;36;42;47;
Jaylen;0;0;0;0;0;0;0;5;0;0;0;0;
Ira;0;0;0;0;0;0;0;0;0;0;5;5;
Richard;44;42;28;31;30;27;21;20;21;18;17;18;
Lee;0;6;0;0;0;6;0;6;0;0;0;0;
Gurjaap;0;0;0;0;0;0;0;0;0;0;7;0;
Nathan;179;164;191;217;206;213;181;224;187;178;188;147;
Randy;6;0;0;0;0;5;0;5;0;5;9;0;
Calen;0;0;0;0;0;0;0;0;0;6;0;0;
Chace;0;0;0;0;0;0;0;0;12;10;0;0;
Jericho;0;0;0;0;0;5;6;0;9;0;0;6;
Layne;0;6;0;7;5;6;0;0;6;10;10;6;
Matt;0;0;0;0;0;0;0;0;5;0;5;7;
Joban;0;5;7;5;0;8;0;5;5;0;8;0;
Trey;17;17;15;14;19;13;7;9;14;9;11;8;
Caleb;107;94;100;84;83;77;92;92;95;89;90;113;
Pardeep;0;0;7;0;0;0;0;0;0;0;0;0;
Lucian;0;0;0;0;0;0;6;0;10;9;6;6;
Jimmy;7;7;8;6;9;5;6;6;0;0;0;5;
Alexandre;9;10;0;9;7;5;7;0;8;10;14;8;
Aarav;0;0;0;0;0;0;0;0;0;0;9;16;
Joven;0;0;0;0;0;6;5;0;0;0;0;0;
Quentin;0;12;9;9;11;14;5;11;10;10;0;0;
Asher;0;5;0;8;17;16;18;29;30;34;41;54;
Ronan;13;7;10;17;16;13;12;18;22;13;10;24;
Niko;0;5;0;0;0;7;0;8;8;13;7;7;
Remy;0;0;0;0;0;0;0;0;0;5;0;5;
Skyler;14;11;10;8;6;9;5;11;13;17;11;13;
Edward;23;25;35;28;24;30;31;30;31;29;31;27;
Sami;0;0;0;0;0;0;5;0;0;5;0;0;
Andr;0;0;0;0;5;8;5;0;5;8;0;5;
Artin;0;0;0;0;0;0;0;0;5;0;0;5;
Patrick;36;32;28;23;36;33;27;31;33;29;20;32;
Tommy;8;15;10;11;0;6;6;5;6;0;0;0;
Brant;0;5;0;0;0;0;0;0;0;0;0;0;
Tristen;20;14;6;8;10;9;19;10;8;6;10;0;
Nathanael;0;5;8;8;5;5;7;7;6;6;5;6;
Matin;0;0;0;0;0;0;0;0;5;0;0;0;
Julien;9;0;10;5;0;9;9;5;10;14;5;11;
Juan;0;5;5;0;0;6;0;0;0;7;0;0;
Rylan;22;24;23;19;49;58;53;57;66;62;65;67;
Aryan;0;5;7;12;5;20;25;16;24;12;21;23;
Maximillian;0;0;6;0;8;0;0;0;0;0;0;0;
Zaiden;0;0;0;0;0;0;0;0;0;0;5;0;
Blake;40;49;32;29;24;40;57;53;60;53;73;86;
Louis;5;0;14;6;9;10;8;13;6;15;14;13;
Solomon;0;7;10;5;13;12;8;9;12;10;10;14;
Danny;5;10;6;7;7;9;11;7;7;11;5;0;
Arian;0;0;0;0;0;0;5;0;5;0;0;0;
Alessandro;0;5;0;0;0;0;8;0;0;0;0;7;
Alec;12;11;11;10;13;11;7;7;8;0;13;9;
Griffin;29;18;22;20;24;29;32;33;43;29;30;31;
Jerry;0;11;5;12;10;7;7;8;6;0;0;0;
Gage;18;19;23;16;25;20;27;15;29;24;21;14;
Aaryan;0;0;0;0;0;0;0;0;8;10;7;0;
Branden;15;10;10;7;6;5;0;0;0;5;0;0;
Alex;41;48;50;36;35;39;36;39;33;47;31;31;
Edgar;0;0;0;0;0;0;0;0;0;0;5;0;
Kurt;7;0;0;0;0;0;0;0;0;0;0;0;
Tatum;0;0;0;0;0;0;0;0;0;0;0;5;
Milan;5;0;8;6;8;0;5;7;7;0;6;10;
Sebastien;0;6;6;10;6;10;6;6;11;5;9;5;
Jagger;0;0;0;0;0;0;0;0;0;0;5;9;
Raphael;7;0;7;0;5;6;0;11;0;6;9;11;
Arjun;20;25;23;33;39;32;39;36;34;26;31;46;
Gurman;0;7;8;5;8;10;9;14;15;16;12;9;
Darryl;0;0;0;0;0;5;0;0;0;0;0;0;
Henry;18;32;28;24;29;27;33;56;48;77;70;98;
Slade;0;0;0;0;0;0;0;6;6;0;0;0;
Bilal;0;0;0;6;0;0;0;0;0;0;0;0;
Alexzander;0;0;0;0;0;6;5;0;5;0;0;0;
Cruz;0;0;0;0;0;0;10;22;17;13;22;26;
Gavin;58;74;86;66;99;90;120;104;115;110;96;108;
Raiden;0;0;0;6;5;6;10;0;7;7;8;10;
Sloan;0;0;0;0;0;0;0;0;0;0;0;5;
Charles;26;32;41;46;53;51;44;54;59;47;68;65;
Ishaan;0;5;6;0;11;8;22;28;14;14;25;17;
Sheldon;13;14;8;12;9;11;10;0;9;5;0;6;
Benedict;0;0;0;5;0;0;0;0;5;0;0;0;
Krish;0;0;0;0;0;5;11;7;0;0;0;0;
Johnson;10;0;0;0;0;0;0;0;0;5;0;0;
Johnathan;10;8;11;14;15;9;11;8;7;11;10;13;
Jovin;0;0;0;0;0;5;5;0;0;0;5;0;
Kael;0;5;0;0;0;13;9;15;9;8;8;8;
Trace;0;0;0;0;0;0;7;10;7;0;0;5;
Abdulaziz;0;0;0;0;0;0;0;0;0;0;0;7;
Braedan;5;6;0;0;0;0;0;0;0;0;0;0;
Jorden;6;7;7;5;0;5;0;0;0;0;0;0;
Remington;0;0;0;0;0;0;0;0;0;0;5;0;
Nash;0;0;5;0;8;8;7;8;12;18;17;17;
Derrick;0;7;0;8;0;0;0;5;0;0;0;5;
Spencer;79;74;49;52;43;37;35;28;28;33;30;32;
Mohammed;8;12;14;12;5;0;11;7;12;13;18;10;
Cristiano;0;0;0;0;0;7;0;9;8;5;0;5;
Quintin;0;0;6;7;10;7;7;6;12;6;7;5;
Lucas;89;121;129;139;138;174;183;208;197;216;219;231;
Waylon;0;0;0;0;0;5;0;0;8;5;5;7;
Kellen;0;0;0;0;0;0;0;0;8;9;6;7;
Allan;5;5;12;7;9;9;9;5;6;0;0;0;
Oakley;0;0;0;0;6;5;5;0;0;8;6;10;
Colt;0;0;0;0;0;0;0;0;0;5;0;5;
Laurence;0;0;0;0;0;5;0;0;0;0;0;0;
Taran;0;0;0;7;5;5;0;0;0;0;0;0;
Ivan;18;16;25;18;17;24;23;17;21;29;21;24;
Wayne;5;0;6;0;0;0;5;0;0;0;6;0;
Regan;0;5;0;0;0;0;0;0;0;0;0;0;
Cole;126;133;112;112;113;126;102;99;96;93;70;69;
Ahmed;6;0;8;0;5;0;8;0;7;0;5;9;
Corban;0;0;0;0;0;5;0;0;0;0;0;0;
Kadin;0;0;6;5;0;7;0;0;0;0;0;0;
Samir;0;0;0;0;0;0;0;0;0;0;5;0;
Vaughn;0;0;5;0;0;0;8;0;0;0;0;0;
Ajay;0;6;8;7;8;0;0;0;5;6;0;0;
Dreyden;0;0;0;0;0;0;0;5;0;0;0;0;
Jaydon;7;7;0;7;0;0;0;5;10;0;0;6;
Tim;0;0;5;0;0;0;0;0;5;0;0;0;
Lars;0;0;0;0;0;6;0;0;0;5;0;0;
Royce;0;6;5;0;0;0;0;0;0;0;7;5;
Kaylan;0;0;0;0;5;0;0;0;0;0;0;0;
Gary;6;7;0;8;6;0;0;8;0;0;0;0;
Ezekiel;0;0;0;7;7;7;6;8;7;10;7;8;
Jujhar;0;0;5;0;0;0;0;0;0;0;5;8;
Graysen;0;0;5;0;0;0;0;5;0;6;6;0;
Aydin;0;0;0;0;0;0;6;5;10;6;0;5;
Boden;0;0;0;0;0;0;0;0;5;0;0;0;
Fischer;0;0;0;0;0;0;0;0;0;0;0;5;
Dakoda;0;0;0;0;6;0;0;0;0;0;0;0;
Tristian;0;0;0;0;0;0;0;0;5;0;0;0;
Kendrick;0;0;0;0;0;0;0;6;0;0;0;0;
Kody;8;6;0;6;7;0;7;8;6;0;6;5;
Nick;0;0;0;7;0;0;0;5;0;7;0;0;
Carlin;0;6;0;0;0;0;0;0;0;0;0;0;
Nico;5;5;8;7;11;6;8;5;13;12;12;16;
Aiden;55;57;104;100;103;121;138;131;135;140;125;112;
Gurnoor;0;0;0;6;5;9;0;0;0;0;8;7;
Balkaran;0;0;0;0;5;0;0;0;0;0;0;0;
Zackery;11;6;8;10;11;7;0;0;6;0;5;0;
Chad;9;10;12;11;0;0;0;9;0;0;0;5;
Oren;0;0;0;0;0;0;0;0;0;0;5;0;
Terrence;0;6;0;5;0;0;0;0;8;5;5;5;
Nelson;5;16;8;7;11;11;0;0;0;0;0;5;
Rayden;0;0;0;0;0;5;0;0;6;0;0;0;
Elliot;11;12;8;8;14;18;19;18;21;24;23;42;
Rowen;0;0;0;0;0;5;0;0;0;0;0;5;
Quin;0;0;0;0;0;0;0;0;6;0;0;0;
Chaz;0;0;0;0;0;5;0;0;0;0;0;0;
Dustin;22;21;13;5;18;16;9;15;11;12;8;7;
Kaeden;0;7;10;5;10;9;9;16;0;10;0;0;
Travis;48;28;26;22;33;26;29;19;23;24;18;28;
Glen;0;0;0;0;0;6;0;0;0;0;0;0;
Renzo;5;0;0;0;0;0;0;0;0;0;0;0;
Wynn;0;0;0;0;0;0;0;0;0;0;0;5;
Benson;7;0;0;0;8;0;7;0;0;0;5;13;
Rhys;24;15;17;21;16;24;31;33;32;35;34;42;
Beau;0;0;0;0;5;0;0;7;0;8;6;8;
Ashwin;0;0;0;0;0;5;0;0;0;5;0;0;
Ekamjot;0;0;0;0;0;0;0;0;0;0;5;0;
Madden;0;0;0;0;0;0;0;0;16;13;9;10;
Joshua;293;308;276;227;265;223;205;193;168;159;134;110;
Mantej;0;0;0;0;0;0;0;0;0;0;6;0;
Aaron;79;84;84;51;71;80;72;71;61;74;69;64;
Tyson;59;64;70;57;58;65;80;89;69;66;67;53;
Vincent;19;25;27;27;30;20;39;33;27;36;34;37;
Balraj;5;5;6;0;8;7;0;5;0;0;0;0;
Reid;21;18;15;17;24;20;26;15;33;36;33;25;
Avery;22;22;19;15;15;21;19;24;20;16;26;25;
Wesley;26;23;31;16;30;16;20;27;25;29;31;32;
Darcy;10;6;0;0;0;0;0;0;0;0;0;0;
Taven;0;0;0;0;0;0;0;0;0;0;5;0;
Josef;6;0;0;0;0;5;5;0;5;0;0;0;
Kian;0;9;6;11;19;12;18;18;14;18;20;24;
Himmat;0;0;0;6;0;0;0;7;9;0;7;10;
Mayson;0;0;0;0;0;0;0;0;0;0;5;5;
Braiden;7;13;8;10;6;9;7;11;6;6;5;0;
Eason;0;0;0;0;0;0;0;0;0;0;0;8;
Vince;0;0;0;0;0;0;0;0;0;0;0;5;
Harjot;11;7;0;5;8;6;8;5;5;0;0;0;
Miles;16;6;11;11;20;14;18;19;19;31;26;24;
Hayes;0;0;0;0;0;0;0;0;0;0;5;0;
Veer;0;0;0;0;6;0;0;0;0;0;6;6;
Jaxson;8;8;13;7;8;11;22;18;29;29;31;61;
Keenan;12;15;14;17;15;22;16;16;16;14;12;17;
Jasraj;5;0;0;0;0;0;7;0;6;0;5;5;
Donovan;19;11;14;12;8;16;12;11;10;9;5;9;
Clifford;0;0;0;0;0;0;0;0;0;5;0;0;
Edison;0;0;9;9;6;0;0;0;0;5;0;11;
Uzair;0;0;0;0;0;0;0;0;6;0;0;0;
Alan;16;9;5;13;12;15;12;10;11;9;0;9;
Rocky;0;0;0;0;0;0;0;5;0;5;0;0;
Quinton;13;11;6;10;7;9;10;7;14;19;7;9;
Ryan;245;194;231;234;206;191;191;182;173;163;148;152;
Cristian;7;0;5;0;5;0;0;5;0;0;0;0;
Theo;0;0;0;0;5;7;14;12;9;12;15;25;
Rian;0;0;0;0;0;0;0;0;6;0;0;5;
Mohit;7;0;0;0;0;0;0;0;0;0;0;0;
Drayden;0;6;0;0;0;0;0;6;0;0;0;7;
Ibrahim;0;5;0;6;5;8;5;5;7;11;0;14;
Chance;7;7;0;8;11;12;7;0;11;14;7;7;
Lorenzo;8;0;0;6;8;0;8;0;8;8;8;9;
Gurinder;5;5;0;0;0;0;0;0;0;0;0;0;
Dylan;185;160;179;164;153;117;135;113;134;97;91;113;
Turner;0;0;0;0;0;0;0;0;0;5;0;0;
Marshall;8;16;25;10;14;8;8;27;19;16;17;19;
Jude;0;5;8;15;12;8;16;32;33;32;33;34;
Dominique;0;0;0;0;0;0;5;0;0;0;0;0;
Sam;8;14;11;17;21;26;15;12;11;23;16;15;
Samuel;147;145;139;145;142;140;135;139;142;136;147;140;
Rafael;0;0;0;0;0;7;5;0;8;0;7;0;
Jake;46;40;45;35;56;51;39;48;77;63;52;47;
Aden;5;8;6;0;10;14;11;7;0;0;7;7;
Graydon;5;0;0;0;0;0;5;10;9;5;0;5;
Yousef;0;0;0;0;0;0;0;5;9;0;0;5;
Walker;6;0;0;6;7;0;8;9;5;9;8;15;
Warren;6;6;0;10;0;7;7;6;9;0;8;6;
Leland;0;0;0;0;15;17;22;14;14;20;10;10;
Harveer;0;0;0;0;0;6;0;0;5;5;0;7;
Leroy;0;0;0;0;0;0;0;0;0;0;5;0;
Harshan;0;0;0;0;0;0;5;0;5;0;0;0;
Grady;8;0;6;8;5;8;16;20;16;13;13;12;
Andrei;0;0;5;0;0;5;6;5;0;0;6;0;
Kyle;133;144;116;109;102;78;66;61;61;55;62;52;
Brogan;0;0;0;0;0;0;0;6;0;0;0;0;
Sonny;0;0;0;0;0;0;0;5;0;0;0;0;
Blaine;0;0;0;0;0;0;0;5;0;0;0;0;
Quinn;43;32;44;38;33;50;25;29;43;34;30;30;
Linden;6;7;14;18;15;19;38;40;58;53;64;35;
Cullen;0;0;0;0;0;0;0;0;0;6;0;0;
Bryce;26;29;32;36;21;24;22;20;20;14;15;20;
Beckett;0;0;0;0;5;0;12;10;14;17;18;12;
Huxley;0;0;0;0;0;0;0;0;7;0;5;9;
Peter;39;33;27;31;34;35;28;26;26;35;32;24;
Braeden;25;25;30;21;23;19;20;13;17;12;13;9;
Sawyer;9;11;9;7;10;14;30;29;43;37;40;42;
Jordan;172;166;151;115;126;115;109;86;72;66;67;55;
Mohammad;0;6;6;0;15;8;13;10;6;7;13;16;
Dalen;0;0;0;0;0;0;5;0;0;0;0;0;
Gurjot;10;11;8;0;0;11;8;5;0;7;0;0;
Lincoln;0;6;8;5;7;24;39;51;48;42;36;64;
Andrew;167;149;152;147;137;129;112;91;105;92;69;76;
Darren;20;20;22;17;21;15;21;13;14;9;13;20;
Jun;0;0;7;0;0;7;0;0;0;0;0;6;
Gareth;5;6;0;0;0;0;0;0;0;0;0;0;
Memphis;0;0;0;5;0;0;5;6;9;7;0;6;
Zane;9;7;9;5;0;9;13;9;11;14;8;14;
Kiran;0;0;0;0;0;0;0;0;0;0;0;5;
Dorian;0;8;0;6;9;8;10;5;9;7;12;0;
Prabhdeep;0;0;0;0;0;0;0;0;0;5;0;0;
Harris;0;0;0;0;0;7;0;0;5;0;6;0;
Aron;0;6;0;0;0;0;0;0;0;0;0;0;
Morgan;17;12;17;23;23;20;21;17;14;16;8;19;
Dhruv;0;0;0;0;0;0;0;0;5;0;0;0;
Sean;82;73;64;60;58;47;44;51;43;37;25;21;
Michael;209;159;160;126;119;118;104;99;91;99;94;92;
Marcos;0;0;5;0;0;0;0;0;0;0;0;0;
Mackenzie;30;18;9;14;10;11;9;15;7;5;5;0;
Kingston;0;0;0;0;0;0;19;23;44;42;32;30;
Marko;6;10;5;7;8;14;6;0;6;9;7;8;
Stewart;0;0;0;0;5;0;0;0;0;0;0;0;
Dax;0;0;0;0;0;0;6;7;8;6;6;8;
Kesler;0;0;0;0;0;0;0;0;10;11;45;19;
Dyson;0;0;0;0;0;0;0;0;0;0;0;5;
Karan;8;10;0;8;9;7;6;0;5;8;0;0;
Gunnar;0;0;0;0;0;0;0;0;0;5;0;0;
Arthur;5;14;7;6;11;11;7;12;9;9;15;16;
Aman;7;8;0;8;5;0;0;0;0;0;0;0;
Leonard;0;5;8;0;6;0;0;0;0;0;11;11;
Santiago;0;0;0;0;0;6;6;16;9;7;8;6;
Kenzo;0;0;0;0;0;0;0;0;0;0;5;0;
Sage;6;0;7;6;7;0;0;0;9;5;6;0;
Kyson;0;0;0;0;0;0;0;0;0;5;0;0;
Keaton;11;13;11;13;10;19;19;14;24;7;24;14;
Amar;5;0;7;5;5;0;0;0;5;0;0;0;
Yahya;0;0;0;0;0;0;0;0;5;0;0;0;
Darian;15;11;17;6;10;10;0;8;0;0;9;6;
Trevor;51;63;55;56;43;30;32;31;17;21;33;20;
Kayleb;0;0;0;0;0;0;0;5;0;5;0;0;
Toby;5;0;0;0;0;0;7;0;7;6;8;7;
Bryan;24;27;19;21;15;15;17;20;6;13;8;15;
Ricky;10;14;6;11;5;5;6;0;0;0;0;0;
Lochlan;5;0;5;6;6;0;12;6;10;17;18;14;
Edwin;11;8;0;6;6;8;5;5;8;7;7;14;
Judah;6;0;0;7;8;7;12;10;16;17;14;14;
Jaxxon;0;0;0;0;0;0;0;0;0;0;8;6;
Gunner;0;0;0;0;0;0;0;0;0;0;5;0;
Hector;0;0;0;0;0;0;0;0;7;0;0;0;
Jagroop;0;5;5;0;0;0;0;0;0;0;0;0;
Conner;17;13;19;17;26;10;16;13;20;12;18;10;
Stephan;0;0;0;0;0;0;5;0;0;0;0;0;
Kale;5;7;6;6;8;0;16;20;12;11;10;10;
Tobin;0;0;0;0;0;0;0;0;0;0;0;11;
Gurkirat;0;6;0;0;0;5;0;0;0;5;0;0;
Alexander;215;175;200;191;202;183;181;159;195;195;184;190;
Isaac;108;76;90;80;79;81;93;104;102;99;89;82;
Shamus;6;0;0;7;0;0;0;0;0;0;0;0;
Ronik;0;0;0;0;0;0;0;0;0;0;0;6;
Reilly;11;5;0;0;0;0;0;0;5;5;0;0;
Tyrell;11;8;7;6;8;7;9;0;5;0;0;0;
Arden;0;0;0;0;0;6;0;0;0;0;0;0;
Damian;9;17;17;16;13;17;16;26;22;21;20;25;
Jaskaran;16;13;10;8;8;10;0;11;6;0;0;0;
Devan;9;0;0;0;0;0;6;7;6;6;6;5;
Lachlan;8;9;14;10;7;9;19;16;17;20;14;22;
Bailey;14;16;10;11;9;5;6;0;0;0;0;0;
Ayden;16;26;24;27;32;30;42;41;41;45;26;40;
Milo;0;0;8;0;5;0;10;11;0;16;15;12;
Sunny;0;5;5;7;0;0;0;0;5;5;6;0;
Dean;8;7;7;8;9;12;10;15;12;6;14;16;
Karter;0;0;0;0;0;5;8;6;0;10;13;6;
Jordon;0;8;0;5;6;6;0;5;6;0;0;0;
Lucius;0;0;0;0;0;0;0;5;0;0;0;0;
Brennan;11;21;21;15;17;15;13;17;16;9;9;13;
Kyler;0;9;12;6;11;7;9;11;22;6;11;12;
Xander;0;0;25;13;12;15;17;18;24;13;15;25;
Jaxon;17;16;16;19;24;37;31;43;66;65;67;87;
Cameron;128;129;117;114;92;90;89;80;82;60;66;54;
Anders;0;0;0;0;0;0;0;6;8;0;0;0;
Christian;61;60;53;45;40;39;35;43;47;42;21;29;
Tony;11;11;14;15;6;10;9;0;0;11;10;0;
Kennedy;5;0;0;0;0;0;0;0;0;0;0;0;
James;145;134;146;142;164;158;159;191;151;153;170;147;
Joaquin;0;0;0;6;0;0;0;0;0;0;0;10;
Manraj;13;13;12;10;13;10;16;15;14;16;11;14;
Barrett;0;0;0;0;0;0;0;0;0;0;0;6;
Harjas;0;0;0;0;5;0;0;0;0;0;0;0;
Ben;8;14;15;17;18;12;18;28;15;17;17;13;
Bryson;12;8;10;9;9;7;8;9;7;14;16;8;
Phillip;5;8;0;0;0;6;10;0;0;5;0;0;
Nicolas;43;42;35;32;38;34;26;35;32;24;27;34;
Tristin;14;9;0;7;7;5;0;5;8;5;0;0;
Ryker;0;0;0;0;5;0;7;6;13;22;33;30;
Austen;0;7;0;6;0;0;0;0;5;7;5;0;
Franklin;5;0;0;0;0;0;0;0;5;0;0;0;
Mark;46;43;35;26;24;21;19;27;25;12;20;18;
Kenyon;0;0;0;0;0;0;5;0;0;0;0;0;
Merrick;0;0;0;0;0;0;0;0;0;0;0;7;
Marek;0;0;0;0;5;6;7;8;8;6;0;0;
Kirat;0;0;0;0;0;0;0;0;0;6;0;0;
Ken;6;8;0;0;0;0;0;6;0;5;0;0;
Olivier;0;0;0;0;0;0;0;0;0;0;0;6;
Tait;0;0;5;5;0;0;0;0;0;0;0;0;
Simeon;0;0;0;0;0;0;0;0;0;5;0;0;
Kade;8;9;6;15;6;11;8;14;17;20;19;17;
Maverick;0;0;0;0;0;0;7;0;10;7;10;10;
Kayden;13;18;24;24;31;43;60;42;60;56;41;54;
Luc;6;0;7;5;8;6;6;13;9;0;11;5;
Mikhail;0;0;0;0;0;0;0;0;0;5;0;0;
Gurshawn;0;0;0;0;0;5;0;0;0;0;0;0;
Finnley;0;0;0;0;0;5;0;0;14;11;11;0;
George;22;14;13;17;21;27;22;18;24;22;20;27;
Fraser;9;8;11;7;12;0;12;7;8;12;0;9;
Kellan;0;0;0;0;0;0;0;0;8;0;8;8;
Nate;0;0;0;0;15;14;11;14;17;5;12;9;
Jordyn;0;0;0;5;0;0;0;0;0;0;0;0;
Eugene;10;5;8;6;0;0;11;0;10;0;0;7;
Maksim;0;0;0;0;0;0;0;5;0;9;6;8;
Shae;0;0;0;0;0;0;0;0;5;0;0;0;
Kane;5;7;5;5;5;0;8;14;22;12;17;19;
Aubrey;0;0;0;0;5;0;0;0;0;5;0;0;
Tysen;0;0;0;0;6;0;0;0;0;0;0;0;
Marcus;76;62;71;90;70;70;90;88;95;86;92;85;
Greyson;6;0;0;0;0;0;9;10;8;10;26;26;
Linkin;0;0;0;0;0;0;0;5;0;0;0;0;
Darius;12;14;20;10;15;23;21;17;22;20;14;7;
Stefano;0;0;0;0;7;0;0;6;0;0;0;0;
Kelly;6;5;5;7;5;0;0;0;0;0;0;0;
Dario;0;0;0;0;0;7;0;10;0;0;0;0;
Dalton;12;13;9;7;6;0;7;8;9;0;0;7;
Edric;0;0;0;0;0;0;0;0;5;0;0;0;
Pavel;5;0;0;0;0;5;0;0;0;6;0;0;
Campbell;5;5;0;0;0;0;0;0;0;0;0;0;
Winston;12;7;7;7;0;11;7;0;0;9;7;16;
Zander;0;0;11;7;10;6;11;11;14;7;19;9;
Jaiveer;0;0;0;0;0;0;0;5;0;9;0;8;
Ilya;0;0;0;0;0;0;0;0;0;0;9;0;
Wyatt;32;48;40;63;59;67;68;78;88;69;77;90;
Moses;0;0;0;0;0;0;5;5;8;8;6;0;
Coby;0;0;0;0;6;0;0;0;0;7;5;0;
Keanu;6;0;6;0;0;0;5;0;0;0;0;0;
Sullivan;0;0;0;0;0;0;5;10;7;13;5;10;
Martin;29;15;22;17;10;13;15;18;21;19;6;21;
Miller;0;0;5;0;0;0;0;5;5;8;0;0;
Emanuel;0;0;0;0;0;0;0;0;0;0;0;5;
Ranbir;0;0;0;0;0;0;0;0;0;0;0;6;
Cooper;20;18;20;32;34;40;46;45;39;62;52;67;
Cyrus;10;12;15;9;10;14;14;14;17;17;14;22;
Emmett;0;6;12;8;6;10;9;16;19;25;33;34;
Shaan;0;0;9;0;5;0;8;9;6;10;0;6;
Antoine;0;0;0;0;0;0;6;7;0;0;0;0;
Bikram;0;0;0;0;0;5;0;0;0;0;0;0;
Julius;0;0;0;0;7;10;0;0;0;0;7;0;
Harman;20;14;20;15;23;17;11;10;12;11;11;10;
Trenton;7;12;11;17;0;11;7;9;16;5;0;0;
Adriano;0;0;0;5;0;0;5;0;0;0;5;0;
Paramveer;0;0;0;0;0;0;0;0;0;0;5;0;
Evan;113;116;123;147;152;133;134;148;140;128;128;119;
Rohan;6;13;11;15;15;12;19;15;10;14;13;19;
Kasen;0;0;0;0;0;0;0;0;0;0;5;5;
Shawn;26;10;21;18;18;23;10;23;18;14;16;9;
Clinton;7;6;0;0;0;5;0;0;0;0;0;0;
Robert;63;59;60;61;61;49;57;56;45;43;38;45;
Landen;0;11;14;13;10;12;11;15;18;11;10;11;
Coen;0;0;0;5;8;7;9;10;11;10;14;8;
Chris;0;6;0;0;0;5;6;7;6;8;0;8;
Leonardo;0;5;0;6;7;5;7;6;15;6;15;8;
Calvin;23;21;19;13;22;14;17;21;19;22;17;13;
Arav;0;0;0;0;0;0;0;0;0;5;0;0;
Nicholas;237;233;194;186;179;145;154;112;108;93;74;95;
Antonio;18;14;20;12;13;13;10;16;8;10;10;8;
Aleksandar;0;0;5;0;0;0;0;0;0;0;0;0;
Maximilian;5;5;7;10;9;6;20;10;11;16;6;11;
Eden;0;0;0;0;0;0;0;0;0;0;6;0;
Wade;5;9;0;0;0;5;0;5;8;6;9;6;
Abraham;0;0;0;0;0;0;8;5;7;0;7;5;
Ronin;0;0;0;13;5;5;11;13;16;11;15;11;
Bennett;0;7;5;6;9;11;12;13;11;8;18;28;
Lloyd;0;0;0;0;5;0;0;0;0;0;0;0;
Drake;11;9;6;10;8;5;12;8;14;24;10;15;
Ranveer;0;0;0;0;0;0;0;9;7;0;0;7;
Maximus;9;6;9;9;16;13;19;13;14;13;20;32;
Yuvraj;0;0;0;10;9;6;12;17;15;16;15;19;
Conrad;5;9;0;0;0;0;6;0;8;5;0;7;
Lyndon;0;0;5;0;0;6;6;0;9;0;8;0;
Armin;0;0;0;0;0;0;0;0;0;5;0;0;
Beckham;0;0;0;0;0;0;0;0;5;0;0;7;
Hendrix;0;0;0;0;0;0;0;0;0;5;0;0;
Parsa;0;0;6;0;0;0;0;5;0;0;0;0;
Seamus;6;0;9;9;7;9;11;5;8;0;0;5;
Camron;0;0;0;0;0;0;5;0;0;0;0;0;
Ansh;0;0;0;0;0;0;0;0;0;0;0;5;
Willem;0;7;5;8;11;7;6;7;6;0;6;7;
Brennen;0;0;6;8;0;0;0;0;5;0;0;0;
Casey;14;10;12;12;11;12;13;9;14;15;10;13;
Braedon;5;0;6;8;0;6;0;6;0;0;0;0;
Eli;8;12;20;14;16;19;23;41;39;66;66;69;
Ekam;0;0;0;5;0;0;7;0;6;11;8;6;
Talon;9;7;0;5;8;5;6;11;7;8;7;7;
Louie;0;0;0;0;0;0;0;8;0;6;0;0;
Denver;0;0;0;0;0;0;0;5;0;0;0;0;
Gideon;0;0;0;0;6;0;8;0;5;10;7;10;
Dant;0;0;0;0;0;0;0;6;0;0;0;0;
Ariel;0;0;5;0;0;0;0;0;0;0;0;0;
Graham;17;20;18;9;12;7;14;9;14;11;12;9;
Rory;7;9;6;11;13;13;8;11;5;7;16;11;
Johannes;0;0;0;0;0;0;0;5;0;0;0;0;
Bruno;0;0;0;0;5;0;0;0;5;0;0;0;
Boston;0;5;0;0;0;0;0;0;6;0;0;0;
Holden;0;7;10;11;6;10;9;17;21;19;14;10;
Roy;7;0;7;7;6;10;8;0;0;7;7;7;
Omar;7;10;11;7;6;11;17;8;11;15;7;13;
John;104;77;63;75;70;73;72;70;60;69;76;55;
Phoenix;9;6;14;7;14;11;19;15;22;20;14;15;
Rahul;6;10;0;0;0;0;0;0;0;0;0;0;
Nathaniel;50;46;48;50;52;58;59;67;58;55;57;58;
Bodhi;0;0;0;0;0;6;0;6;6;7;7;6;
Levi;43;32;40;36;44;45;39;66;80;85;80;79;
Kabir;0;9;7;7;8;15;8;12;9;9;13;11;
Ashaan;0;0;0;0;0;0;0;0;0;5;0;0;
Gurshaan;0;0;0;0;7;11;14;17;10;13;10;15;
Gerard;0;0;5;0;0;0;0;0;0;0;0;0;
Deven;0;0;0;5;0;0;6;0;0;5;0;0;
Blaze;6;0;0;0;0;0;0;0;5;6;0;0;
Mathias;0;7;0;9;17;8;7;7;8;6;9;0;
Javier;0;0;5;0;0;0;0;0;0;0;0;0;
Damien;14;12;19;9;19;17;29;22;27;24;21;22;
Gurveer;0;5;7;5;6;0;8;7;5;0;0;0;
Aydan;0;0;5;5;0;6;7;0;0;0;0;5;
Keagan;0;9;8;10;7;10;5;15;10;9;10;6;
Oscar;13;13;20;18;27;28;22;33;31;37;30;42;
Rylee;0;6;0;6;0;0;0;0;0;0;6;0;
Ewan;5;12;15;10;12;17;20;21;19;16;15;25;
Karl;0;12;8;9;12;0;5;0;7;0;6;5;
Augustus;0;0;0;0;0;0;5;0;0;0;0;0;
Mateo;18;9;17;27;19;25;34;18;33;31;26;35;
Ciaran;0;0;0;0;0;0;0;5;0;0;0;0;
Rylen;0;0;0;0;0;0;0;6;0;6;6;0;
Jia;0;0;0;0;0;0;5;0;0;0;0;6;
Skylar;7;7;7;12;6;6;0;6;0;5;14;0;
Tomas;0;8;9;6;5;5;7;0;10;0;5;7;
Dilraj;8;5;0;8;0;0;0;6;0;0;9;6;
Harnoor;0;0;0;0;0;0;0;0;0;5;0;0;
Mehtaab;0;0;0;0;0;0;5;0;5;8;0;0;
Jeremy;62;50;49;43;37;37;36;30;28;34;25;37;
Harjan;0;0;0;0;0;0;0;0;5;0;0;0;
Rajan;7;19;9;10;10;8;10;5;5;0;6;0;
Caius;0;0;0;0;0;0;0;0;5;7;0;0;
Oskar;0;0;0;0;0;6;0;7;0;0;0;0;
Ryley;7;8;6;15;6;0;6;6;0;9;5;0;
Terry;0;8;5;0;7;0;0;9;0;0;0;5;
Matthew;320;298;271;259;241;225;206;198;203;162;157;139;
Zackary;21;15;13;10;10;17;14;12;8;11;12;15;
Tavian;0;0;0;0;0;6;0;0;0;0;0;0;
Karanveer;0;0;0;8;6;0;0;0;0;0;6;0;
Bill;6;0;0;0;0;0;0;0;0;0;0;0;
Axton;0;0;0;0;0;0;0;0;0;0;0;7;
Sebastian;37;39;46;47;35;45;48;41;66;56;57;60;
Arvin;0;9;9;8;7;6;9;10;12;7;14;16;
Niklas;0;0;0;0;0;0;0;0;0;5;0;0;
Dryden;5;5;8;0;0;7;0;0;0;0;0;0;
Kai;36;50;56;64;71;75;58;84;78;96;74;65;
Giovanni;0;0;0;0;0;7;0;0;0;12;8;0;
Harvir;0;5;7;0;5;6;7;6;0;0;0;0;
Abdul;0;6;0;0;0;0;0;0;0;0;0;0;
Justice;7;10;5;0;6;8;9;13;5;6;6;0;
Gurvir;9;6;0;5;7;0;6;9;0;0;6;0;
Zion;0;5;0;0;0;0;0;6;0;0;0;6;
Fredrick;0;0;0;0;0;0;0;0;5;0;0;0;
Grant;9;0;14;6;7;12;9;6;12;0;10;8;
Jerome;0;9;6;8;7;6;0;6;0;5;0;7;
Makai;0;0;0;0;0;0;0;0;6;5;0;5;
Agam;0;0;0;0;0;0;0;0;0;0;0;5;
Arnav;0;0;0;0;0;0;0;0;0;0;6;10;
Jadyn;0;5;0;0;0;0;0;0;0;0;0;0;
Raine;0;0;0;0;0;6;0;0;5;0;0;0;
Christopher;145;112;96;82;79;66;86;66;52;57;55;46;
Emerson;0;0;0;6;6;8;7;13;11;7;20;13;
Amit;6;8;0;0;0;0;0;0;0;0;0;0;
Arlo;0;0;0;8;0;0;0;0;0;9;8;10;
Amir;0;5;0;0;5;0;0;0;0;0;0;0;
Masen;0;0;0;0;0;0;0;0;0;0;0;5;
Kristopher;6;5;7;0;0;0;0;5;0;0;5;0;
Kaleb;29;35;42;36;45;38;54;43;31;35;36;36;
Dale;7;5;0;5;0;0;0;0;0;0;0;0;
Gavyn;0;0;0;0;0;0;0;0;0;0;0;5;
Soren;0;0;0;11;7;5;9;11;6;10;6;7;
Tate;10;5;8;10;6;7;13;0;6;6;10;18;
Talan;0;0;0;0;0;0;0;5;0;0;0;0;
Kailen;0;0;0;0;0;0;0;6;0;0;0;0;
Otto;0;0;0;0;0;0;0;5;0;0;0;0;
Jeremiah;15;17;15;8;11;13;16;11;11;9;16;14;
Byron;5;10;7;0;0;0;0;5;0;5;7;0;
Sameer;5;0;0;0;5;0;6;5;0;0;0;0;
Gregor;0;0;0;0;0;0;0;0;0;0;5;0;
Carlos;9;12;5;6;12;9;11;8;0;11;6;6;
Tavish;0;0;0;5;0;0;0;0;0;0;8;0;
Josh;10;13;12;8;13;14;11;8;6;8;5;0;
Abhijot;0;0;0;0;0;0;0;0;0;9;6;0;
Ronald;10;0;7;8;9;0;0;8;0;6;0;7;
Jose;9;8;0;5;0;0;5;6;0;0;0;0;
Dion;0;0;0;0;0;0;10;0;0;0;0;0;
Jaeden;5;6;0;0;0;0;5;5;5;0;5;0;
Leif;10;6;7;0;8;8;8;9;14;8;5;13;
Kaelin;0;0;0;5;0;0;0;0;0;0;0;0;
Keith;8;10;7;6;8;14;11;7;11;6;8;12;
Jase;0;0;0;10;0;0;0;0;5;0;0;14;
Larry;0;0;0;0;0;6;0;0;0;0;0;0;
Joel;38;34;39;32;23;22;25;37;27;17;16;26;
Kyan;0;0;0;0;12;5;9;5;8;6;0;9;
Callum;30;31;25;27;19;25;47;26;31;38;39;42;
Jaxx;0;0;0;0;0;0;0;0;0;0;0;5;
Jett;5;0;6;5;7;18;9;8;12;12;15;10;
Kaden;26;29;38;45;56;54;45;40;42;34;35;30;
Joey;8;0;0;0;6;11;9;0;6;10;8;5;
Taiyo;0;0;0;0;0;0;0;0;5;0;0;0;
Mattias;17;15;14;29;19;28;30;24;22;12;22;19;
Braxton;5;0;0;9;6;11;8;11;10;12;11;10;
Charlie;6;8;5;22;24;19;32;38;28;42;39;29;
Roderick;0;0;0;0;0;0;0;0;0;0;5;0;
Dawson;48;59;36;39;37;30;35;23;15;26;24;19;
Reece;19;15;9;15;13;15;9;9;9;0;5;10;
Edmund;0;0;0;0;0;6;0;0;0;0;0;0;
Lane;7;5;10;5;6;11;13;16;6;7;10;10;
Kason;0;0;0;0;0;0;0;6;0;0;0;5;
Colin;35;38;29;36;36;24;31;24;34;24;24;25;
Cashton;0;0;0;0;0;0;0;0;0;0;0;5;
Aleksander;0;0;0;0;0;0;0;0;0;0;6;0;
Ash;0;0;0;0;0;0;0;0;0;0;5;0;
Nixon;0;0;0;0;0;0;5;0;16;13;20;24;
Caeden;0;0;5;0;0;0;0;0;0;0;0;0;
Gurtaj;0;0;0;5;0;0;0;0;6;0;0;6;
Justin;176;211;156;109;117;111;118;103;82;71;61;71;
Jaron;0;0;0;0;0;0;0;5;0;0;0;0;
Kameron;5;0;0;0;0;0;5;11;0;0;0;0;
Craig;10;0;8;0;0;0;5;0;0;0;0;0;
Luis;5;0;8;8;0;6;7;5;0;6;0;0;
Fynn;5;0;0;0;0;0;0;0;0;7;0;5;
Alden;0;0;0;0;0;0;5;0;0;5;5;0;
Danial;0;0;0;0;5;0;0;0;0;0;0;0;
Maxx;0;0;0;0;0;0;0;0;0;0;7;6;
Brodie;14;16;16;18;11;23;13;18;20;12;15;12;
Trystan;0;0;5;0;5;0;0;0;0;0;0;0;
Mitchell;44;32;37;27;40;24;14;20;19;14;9;11;
Theodore;6;15;12;10;16;16;18;13;25;25;38;35;
Avijot;0;0;0;0;0;0;0;0;5;0;0;0;
Noah;144;141;145;147;179;181;231;189;205;190;175;193;
Hadi;0;0;0;0;0;0;0;0;5;0;0;0;
Denzel;0;5;0;0;5;0;0;0;0;0;0;0;
Harjap;0;0;0;0;0;5;0;7;0;6;0;0;
Jameson;0;0;5;0;0;0;0;0;0;0;8;7;
Magnus;0;5;0;7;0;0;0;12;12;9;5;7;
Landyn;0;0;0;0;0;0;5;0;6;6;10;6;
Scott;27;45;30;21;18;19;12;11;20;11;10;6;
Odin;0;0;0;0;6;0;7;17;9;11;16;17;
Dane;9;6;10;7;9;21;29;24;20;17;0;12;
Zephyr;0;0;0;0;0;0;0;0;5;5;5;0;
Harkirat;0;0;0;0;0;7;0;0;0;0;0;0;
Tom;0;0;0;5;0;0;0;0;0;0;5;0;
Muhammad;0;7;7;12;13;16;16;18;20;18;19;15;
Grayden;0;0;0;0;5;5;0;0;6;0;0;0;
Clyde;0;0;0;0;0;0;5;0;0;0;0;0;
Romeo;0;0;0;0;0;0;6;0;0;0;6;6;
Mehar;0;0;0;0;6;0;0;0;0;6;0;8;
Axel;0;0;0;0;5;6;0;10;6;8;13;8;
Roberto;6;0;0;0;0;0;0;0;0;0;0;0;
Keerat;0;0;0;0;0;0;0;0;5;0;0;0;
Aries;0;0;0;0;0;0;0;0;0;0;5;0;
Tucker;0;0;0;0;0;7;12;12;6;9;9;6;
Matthias;7;10;10;7;8;9;12;15;8;9;8;10;
Malcolm;24;18;21;20;18;25;11;22;18;15;16;12;
Markus;12;37;48;42;35;52;44;31;26;30;24;24;
Jason;93;76;76;65;67;71;59;56;60;56;44;47;
Alfred;0;0;0;0;0;0;0;0;0;8;0;0;
Navjot;0;6;0;0;0;0;0;0;0;0;0;0;
Jamie;13;16;15;11;9;17;11;8;10;9;11;9;
Lukas;23;21;16;28;46;46;67;65;41;49;49;43;
Tyrese;7;6;0;0;0;8;0;0;0;0;0;0;
Jonathan;85;89;85;68;55;71;75;75;54;59;61;59;
Carter;70;77;64;81;91;133;103;112;141;106;161;128;
Austyn;0;0;5;0;6;0;6;0;0;0;0;0;
Jackie;0;8;0;0;0;0;0;0;0;0;0;0;
Douglas;11;15;8;14;8;9;10;0;5;5;0;0;
Fisher;0;0;0;0;0;0;6;0;8;0;5;5;
Tristan;62;67;61;60;79;90;101;127;92;95;80;64;
Neo;0;0;6;0;0;0;0;0;0;0;0;5;
Kallen;0;0;0;0;0;0;0;0;0;0;0;6;
Kalen;12;8;0;11;7;0;9;11;6;7;0;6;
Gus;0;0;0;0;0;0;0;0;0;0;5;0;
Kalem;5;6;0;0;0;0;0;0;0;0;0;5;
Raven;5;0;0;0;5;0;0;0;0;0;0;0;
Dimitri;0;6;0;6;0;0;0;0;0;6;0;0;
Crosby;0;0;0;0;0;0;0;0;0;9;0;0;
Kobe;12;16;17;12;5;14;9;15;7;13;6;0;
Malachi;8;9;0;8;12;14;14;9;8;8;10;12;
Riley;97;106;91;112;103;111;96;113;107;81;80;68;
Elliott;6;10;0;7;16;10;16;13;14;20;22;23;
Mat;0;0;0;0;0;0;0;5;0;0;0;0;
Caden;14;21;28;30;17;38;30;22;26;32;16;14;
Gregory;19;14;11;13;14;7;10;11;7;9;10;14;
Zachary;141;129;110;124;95;78;91;96;66;70;76;80;
Treyton;0;0;0;0;0;0;0;0;0;5;0;0;
Brendan;68;60;55;64;43;40;53;32;28;23;20;9;
Chase;38;47;41;52;43;48;68;77;82;86;67;72;
Pavan;0;0;0;0;5;0;0;0;0;0;0;0;
Luka;6;11;11;22;0;17;10;21;20;17;24;24;
Bowen;5;0;5;5;6;5;8;6;10;11;0;18;
Kolton;7;0;0;0;0;0;9;0;9;10;0;6;
Anmol;12;0;6;9;0;0;0;6;0;0;0;0;
Luke;57;79;87;77;79;88;63;75;83;69;80;81;
Reagan;0;0;5;0;0;0;0;5;0;0;0;0;
Lance;7;6;9;7;7;6;0;0;9;0;5;0;
Diego;10;19;11;21;22;27;21;11;10;7;10;8;
Curtis;31;32;14;17;20;17;13;13;12;8;17;14;
Caelum;0;0;0;0;0;0;0;0;9;0;0;0;
Shea;5;0;0;0;0;0;14;10;0;7;6;7;
Olin;0;0;0;0;0;0;0;0;0;0;5;0;
Gian;0;0;0;0;0;0;5;0;0;0;0;0;
Cedar;0;0;0;0;0;0;0;7;6;0;9;7;
Andy;12;19;15;14;18;19;21;9;14;12;16;15;
Marcel;0;0;0;5;0;8;0;9;0;0;0;8;
Hamza;0;5;0;0;0;0;5;0;6;0;0;7;
Everett;5;7;10;9;10;15;15;11;17;18;26;27;
Xavier;14;19;30;27;27;29;37;37;43;42;37;30;
Kingsley;0;0;0;0;0;0;0;0;0;9;16;11;
Koby;8;0;5;0;0;0;6;0;6;0;6;0;
Hank;0;0;0;0;0;0;0;0;0;0;0;5;
Akash;8;10;6;7;0;5;0;0;0;0;6;0;
Harkaran;5;0;5;0;0;0;0;0;0;0;0;0;
Devon;47;41;38;38;28;25;25;16;28;19;22;11;
Damion;0;5;0;0;0;0;0;0;0;0;0;0;
Walter;0;0;8;0;0;0;6;0;5;9;10;0;
Zachariah;0;8;12;6;0;5;0;0;0;0;0;7;
Felix;16;13;15;11;19;17;22;26;26;42;39;39;
Adrien;0;0;6;0;6;5;0;0;0;5;0;0;
Bishop;0;0;0;0;0;0;0;0;0;5;0;0;
Eshan;0;0;0;0;5;0;0;5;0;0;0;0;
Sasha;0;6;5;0;5;0;7;5;0;0;0;0;
Collin;8;6;8;0;0;0;0;7;0;7;5;0;
Brett;25;25;33;22;16;10;14;14;11;10;5;8;
Cale;12;8;6;0;0;0;9;0;0;0;0;0;
Jaxen;0;0;0;0;0;0;0;6;7;5;7;8;
Weston;0;0;0;7;9;0;0;9;9;23;20;27;
Jaden;63;69;60;51;36;44;55;45;41;29;32;29;
Reuben;0;9;9;9;0;10;7;8;8;9;8;9;
Landon;13;23;30;38;39;43;60;57;61;63;61;66;
Stephen;27;19;24;16;13;19;18;10;15;9;13;10;
Seth;49;58;49;52;44;52;51;48;44;38;41;33;
Anoop;0;0;6;0;0;0;0;6;0;0;0;0;
Aston;0;0;0;0;0;0;0;0;0;0;0;6;
Fabian;0;0;0;0;0;5;0;0;0;0;0;0;
Tobias;0;8;8;6;0;9;9;12;14;9;6;15;
Teagan;6;6;5;7;6;5;7;7;7;9;9;6;
Caelan;5;0;0;5;0;7;7;5;9;5;13;6;
Filip;0;0;0;6;0;0;5;0;0;0;0;0;
Sehaj;0;0;0;0;0;0;0;0;0;5;6;7;
Mathew;32;33;21;19;19;15;19;15;14;9;6;0;
Micah;15;14;18;22;17;17;26;47;39;37;39;39;
Tye;6;5;8;11;5;5;0;0;0;0;0;9;
Domenic;0;0;5;0;0;0;0;0;6;10;0;0;
Ellis;0;0;0;0;0;0;0;0;0;7;5;6;
Neil;0;10;8;7;5;0;5;6;5;6;5;10;
Pierce;8;0;5;7;0;5;0;5;7;8;7;0;
Caiden;5;0;0;5;0;7;9;7;11;14;8;0;
Maddex;0;0;0;0;5;0;0;0;0;6;0;0;
Koa;0;0;0;0;0;0;0;0;0;0;0;5;
Konnor;0;6;0;0;0;0;0;0;7;0;0;0;
Issac;0;0;0;0;0;0;0;0;8;7;8;0;
Nikita;0;0;0;0;0;0;0;0;5;0;0;0;
Mohamed;9;8;0;6;0;0;5;6;0;0;7;0;
Allen;10;5;7;0;15;8;0;0;11;0;6;8;
Karsten;0;0;0;0;0;0;0;7;0;0;0;0;
Frank;6;10;7;6;7;10;8;0;8;7;11;8;
Kegan;0;0;0;0;0;0;7;0;0;0;0;0;
Kylan;0;0;0;0;7;0;0;0;0;0;0;9;
Ross;5;7;0;0;6;0;0;5;0;0;6;0;
Robin;0;8;6;0;0;0;6;6;8;0;0;7;
Andre;6;9;7;21;7;6;8;7;11;10;10;5;
Keelan;0;0;0;0;0;6;0;5;0;0;0;0;
Mitchel;5;7;6;0;0;0;0;0;0;0;0;0;
Van;0;0;5;0;0;6;0;5;9;5;0;7;
Kaelen;0;0;5;0;0;0;0;0;0;0;0;0;
Jax;0;0;0;0;0;0;0;0;6;11;15;21;
Monty;0;0;0;0;0;0;0;0;0;5;0;0;
Dominick;7;11;8;0;10;14;10;6;7;7;8;8;
Geoffrey;8;9;7;0;6;6;5;5;0;0;0;0;
London;0;0;0;0;0;0;9;5;9;5;5;8;
Brock;10;12;17;15;8;0;11;5;9;12;0;5;
Shahil;0;0;0;0;5;0;0;0;0;0;0;0;
Jin;0;0;0;0;0;0;0;0;0;0;0;5;
Brady;21;25;29;28;33;27;24;44;27;34;31;26;
Coleton;0;0;0;0;0;0;0;0;6;0;0;0;
Sydney;0;0;0;0;0;0;5;0;5;0;0;0;
Cael;0;0;0;0;0;5;0;0;0;5;0;5;
Micheal;9;7;5;6;5;6;10;7;0;0;0;0;
Arlen;0;0;0;0;0;0;0;0;0;0;6;6;
Kaiden;8;15;15;24;29;27;35;38;40;33;39;25;
Declan;13;23;22;30;37;32;42;39;36;28;73;64;
Elias;14;13;20;13;27;18;20;17;25;24;33;30;
Nigel;12;9;6;5;0;6;9;6;6;5;0;6;
Addison;5;6;5;5;0;0;0;6;0;0;0;0;
Akashdeep;6;5;6;5;0;0;0;5;0;0;0;0;
Sidney;0;0;0;0;0;0;0;0;6;6;8;0;
Aikam;0;0;0;0;0;0;0;12;14;18;16;10;
Kadyn;0;0;0;6;0;0;0;0;5;0;0;0;
Clark;0;0;0;0;0;5;6;0;6;7;0;6;
Mantaj;0;0;0;5;0;0;0;0;0;8;5;0;
Stanley;9;13;8;8;10;9;6;7;8;0;13;6;
Jasdeep;5;0;0;0;0;0;0;0;7;0;0;0;
Nihaal;0;0;0;0;0;0;0;0;0;0;0;5;
Finley;0;5;6;11;15;18;10;16;20;21;21;15;
Nevin;0;0;0;0;0;0;0;0;0;6;0;0;
Manav;0;0;0;6;10;5;7;7;8;7;0;5;
Gurshan;0;9;5;0;19;17;13;20;11;9;15;12;
Kohen;0;0;0;5;6;0;11;20;7;12;9;9;
Aayan;0;0;0;0;0;5;0;0;0;0;5;0;
Keanan;0;0;0;0;0;5;0;0;0;0;0;0;
Francesco;5;0;0;0;5;5;0;0;0;0;0;0;
Dakota;34;30;21;19;14;15;11;11;8;9;11;0;
Hamish;6;5;5;0;5;0;0;0;0;0;0;6;
Koen;0;5;6;8;10;17;10;26;15;19;21;10;
Porter;0;0;0;0;5;0;0;0;7;6;6;0;
Isiah;5;0;0;0;0;0;0;0;0;0;0;0;
Jacob;287;257;252;268;222;235;253;210;225;263;200;168;
Daylen;0;0;0;6;0;0;0;0;0;0;0;0;
Emery;0;0;0;0;0;0;0;0;0;0;8;5;
Duncan;11;18;11;16;17;12;17;12;10;14;9;11;
Jesse;54;53;45;67;68;68;48;57;62;48;40;44;
Todd;0;0;9;0;0;0;0;0;0;0;0;0;
Eddie;0;6;0;0;0;0;5;0;0;0;0;0;
Jarrett;14;0;5;0;0;0;0;0;0;0;0;0;
Ryland;0;5;0;10;5;14;16;10;15;11;8;5;
Layton;0;0;0;0;0;0;8;6;0;6;0;0;
Thomas;112;121;95;81;94;113;94;82;77;88;78;85;
Braden;26;24;17;29;22;13;12;15;8;9;5;7;
Rajvir;0;5;5;0;7;0;0;6;0;0;0;0;
Finlay;0;0;0;0;5;8;8;9;7;14;6;8;
Tegan;0;0;0;0;5;0;0;6;0;0;0;0;
Carson;70;64;72;60;52;77;69;62;60;79;66;66;
Ian;48;35;47;32;44;46;39;31;44;41;29;42;
Eliot;0;0;0;0;0;0;0;0;0;7;0;0;
Shayan;0;0;0;0;0;0;0;0;0;0;5;0;
Denny;0;0;0;0;0;0;0;0;5;0;0;0;
Brooklyn;0;0;0;0;5;0;0;0;0;0;0;0;
Ty;24;43;47;50;53;39;28;25;34;22;17;20;
Harry;0;9;5;6;5;9;7;9;6;8;11;9;
Rio;0;5;0;6;5;0;0;7;5;10;7;9;
Makaio;0;0;0;0;0;0;0;9;0;0;0;0;
Ocean;0;0;0;0;0;5;0;0;0;0;0;0;
Marvin;0;0;0;0;0;0;0;0;0;0;0;5;
Zack;0;0;0;0;0;0;0;5;0;6;6;9;
Nolan;55;49;75;64;75;78;77;61;80;57;62;73;
Lynden;0;0;5;0;0;0;0;11;9;8;6;9;
Jasper;14;17;17;17;21;16;28;34;33;36;42;35;
Kasey;0;0;0;0;0;0;0;0;5;0;0;0;
Nickolas;10;13;8;12;12;15;9;10;11;9;6;5;
Haiden;5;0;0;0;0;0;0;0;5;5;0;0;
Daemon;0;0;0;0;0;0;0;0;0;0;6;0;
Anton;7;0;7;0;0;5;8;5;5;0;0;0;
Truman;0;0;0;0;5;0;0;0;0;0;0;0;
Jai;6;0;0;6;0;0;5;9;10;0;8;8;
Ali;12;15;11;15;11;18;9;14;9;14;14;11;
Dayton;23;30;26;25;32;30;25;38;25;14;18;20;
Harshdeep;0;5;0;5;0;0;0;0;0;0;0;0;
Tariq;0;0;5;0;0;0;0;0;0;0;0;0;
Darwin;0;0;0;0;0;0;0;5;0;0;0;5;
Francis;7;13;11;16;6;7;9;9;7;10;7;8;
Ethan;289;414;325;332;292;277;291;283;300;247;246;297;
Garrett;20;22;17;22;10;14;13;14;6;12;7;0;
Jay;11;6;5;5;6;8;7;13;12;10;7;8;
Prabhjot;0;0;0;8;6;0;0;0;0;0;0;0;
Will;0;5;0;6;8;10;11;7;10;0;0;7;
Dexter;6;6;11;6;7;8;10;21;19;15;13;23;
Philip;11;12;16;9;10;6;11;6;6;12;5;11;
Teo;0;0;0;0;0;0;0;5;0;0;0;8;
Howard;0;7;0;0;0;0;0;0;0;6;0;0;
Parmvir;5;0;0;0;0;0;0;0;0;0;0;0;
Maddox;0;0;5;6;14;16;14;10;14;9;25;19;
Marc;9;5;9;10;0;8;6;0;6;0;10;7;
Brantley;0;0;0;0;0;0;0;0;0;0;0;8;
Stuart;14;11;7;7;5;5;5;0;6;0;0;0;
Dillon;9;11;10;8;7;0;7;6;5;5;0;7;
Karanvir;10;0;0;5;0;0;0;0;0;0;0;0;
Angus;27;18;24;11;16;17;26;17;28;9;21;12;
Gibson;0;0;0;0;0;5;0;0;0;6;0;0;
Emile;0;0;0;0;0;0;0;0;0;6;0;0;
Jayce;0;6;0;0;0;0;7;13;9;12;12;12;
Khalil;0;0;0;0;5;0;0;0;0;0;0;0;
Hugh;0;5;6;6;0;0;0;0;0;6;0;6;
Rex;0;0;0;0;0;0;0;0;0;6;0;6;
Malik;5;0;0;0;8;0;0;0;6;0;8;6;
Tanveer;0;0;0;0;0;0;0;0;7;0;0;0;
Jarod;6;5;0;0;0;0;0;0;0;0;0;0;
Lawrence;8;11;11;9;11;5;8;8;5;5;8;11;
Roman;8;14;0;9;25;16;20;19;20;19;28;30;
Gurtej;5;0;0;0;5;0;0;0;0;0;0;0;
Trent;14;19;15;12;10;6;7;9;7;7;7;6;
Armaan;17;24;29;42;52;51;38;42;48;38;51;48;
River;6;5;5;15;7;9;10;9;17;24;14;15;
Ammar;0;0;0;0;0;0;0;5;0;0;0;0;
Simon;43;49;45;34;32;46;42;34;31;26;31;25;
Sylas;0;0;0;0;0;0;0;0;0;9;7;9;
Ray;0;0;0;0;0;6;0;6;0;0;0;0;
Max;37;33;43;44;45;35;54;48;64;62;75;55;
Elijah;36;66;53;58;51;60;49;65;73;58;67;70;
Kye;0;0;0;0;7;7;5;0;9;0;8;5;
Iain;0;0;0;6;0;5;0;0;0;0;0;0;
Sukhraj;0;7;5;7;6;0;6;0;6;0;5;0;
Wilson;7;9;7;11;9;5;10;5;8;6;7;9;
Mathieu;0;7;0;0;0;0;0;0;6;0;0;0;
Jadon;7;0;0;5;5;0;8;6;7;0;0;0;
Stefan;10;6;14;12;5;14;7;11;7;6;8;10;
Silas;6;17;15;17;10;16;23;32;27;26;36;44;
Tiger;0;0;0;0;0;0;0;0;0;8;0;0;
Manjot;0;0;0;7;0;0;0;6;0;5;0;0;
Konrad;10;0;0;0;0;0;0;0;0;5;0;0;
Timothy;40;45;33;32;27;28;26;36;22;22;26;20;
Vikram;0;0;5;0;0;0;0;0;0;0;0;0;
Manvir;0;10;6;10;7;8;7;0;5;0;0;6;
Jalen;10;10;6;7;12;0;0;0;0;5;0;0;
Ranvir;0;0;0;0;0;0;0;0;5;5;0;7;
Jovan;10;12;13;12;10;11;11;10;19;19;15;7;
Jashan;0;0;0;7;0;6;0;0;0;5;7;0;
Dante;16;21;19;13;10;15;12;22;24;15;8;16;
Jackson;84;83;86;74;75;95;104;102;132;119;142;113;
Harvey;0;0;0;0;0;0;0;0;0;0;5;5;
Callen;0;0;0;0;0;0;0;0;0;5;5;5;
Lennon;0;0;0;0;0;0;0;0;5;5;0;0;
Adam;127;129;111;126;101;106;78;87;88;83;68;95;
Zavier;0;0;0;0;0;0;0;0;6;0;0;0;
Kaelan;5;6;5;6;0;5;0;9;0;0;0;0;
Kelvin;9;10;10;5;9;0;5;7;5;6;0;9;
Lennox;0;0;0;0;0;0;0;0;8;10;6;7;
Jaiden;11;12;12;16;19;21;23;14;10;10;9;10;
Drew;9;10;9;13;12;8;6;12;11;10;8;9;
Kohl;5;0;0;0;0;0;0;5;0;0;0;0;
Mustafa;0;0;0;0;0;5;0;0;6;0;0;0;
Navraj;8;0;0;8;0;0;5;0;7;0;6;0;
Samson;5;6;0;0;0;9;0;5;0;0;0;0;
Keiran;9;0;0;5;7;11;5;6;7;7;6;5;
Arjan;5;5;0;6;7;10;7;0;9;8;0;14;
