Alissa;7;9;9;6;5;6;9;0;6;6;5;0;
Janelle;14;13;10;14;19;8;12;6;12;9;11;6;
Tiffany;40;24;38;26;32;25;29;24;19;18;11;19;
Rhianna;0;0;0;0;0;0;6;5;0;0;0;0;
Natalia;11;16;19;12;14;20;28;24;28;27;26;24;
Taya;20;14;16;15;25;18;15;24;26;23;19;11;
Harneet;0;7;8;11;5;12;7;0;0;10;7;0;
Natalie;46;65;68;53;64;71;71;67;74;64;69;73;
Valerie;9;6;10;7;8;7;7;0;8;0;9;7;
Lucy;21;19;22;31;26;37;40;49;50;51;55;56;
Valeria;0;0;0;0;0;0;0;0;5;0;0;6;
Mattea;6;0;0;0;0;5;0;7;13;9;6;7;
Harley;0;0;0;0;0;0;6;0;5;0;0;5;
Luca;0;0;0;0;0;0;0;0;5;5;0;0;
Charlise;0;0;0;0;0;0;5;0;0;0;0;0;
Klara;0;0;0;0;0;5;0;0;0;0;0;0;
Maneet;5;6;0;0;0;6;0;0;0;0;0;0;
Holly;15;30;34;18;32;18;15;27;16;17;25;25;
Cailyn;0;0;0;0;0;0;7;5;0;0;0;0;
Meera;0;0;0;0;0;0;0;0;0;0;0;6;
Nikita;5;9;6;0;0;0;0;7;0;10;5;0;
Rosie;0;0;0;0;0;0;0;0;6;5;6;7;
Leela;0;0;0;0;0;0;0;0;5;0;0;0;
Kailey;20;9;20;10;11;5;14;17;5;16;9;8;
Jiya;0;0;0;0;7;9;8;8;10;11;8;10;
Madisyn;5;6;9;7;10;0;0;12;9;5;5;0;
Mona;0;0;0;8;0;0;0;0;0;0;0;0;
Shelby;31;35;28;18;26;27;10;15;12;12;11;8;
Meagan;8;8;9;6;6;0;0;5;0;0;0;0;
Amrita;0;0;5;0;0;0;0;0;0;0;0;5;
Joelle;9;6;5;0;0;0;7;0;6;6;5;7;
Kira;18;21;26;16;22;23;17;24;25;16;21;17;
Mirabelle;0;0;0;0;0;0;0;5;0;0;0;0;
Freya;0;0;0;0;0;6;5;8;8;13;14;20;
Jazmyn;0;0;0;0;0;0;0;0;0;0;5;0;
Kate;39;39;47;43;40;61;61;49;53;38;35;39;
Rosalie;0;0;0;0;0;0;0;0;6;0;10;10;
Avani;0;0;0;0;7;0;0;0;12;10;7;7;
Jocelyn;22;20;31;18;23;19;30;22;16;18;12;14;
Erika;31;17;18;28;24;20;21;20;14;11;14;13;
Annalise;0;6;5;0;5;0;0;0;0;7;0;0;
Anabelle;0;0;0;0;0;0;0;6;0;6;0;6;
Tehya;0;0;0;0;0;5;5;6;0;5;0;0;
Brooke;63;54;70;52;52;68;63;5;55;44;40;32;
Jaya;7;19;15;8;14;16;12;11;17;17;12;7;
Blaire;0;0;0;0;0;0;0;0;0;0;5;0;
Brooklynn;9;7;14;13;19;29;33;20;29;35;24;29;
Sophia;96;111;109;128;134;157;213;195;226;210;227;232;
Sophie;63;65;86;75;71;90;129;136;136;129;137;127;
Cleo;0;0;0;0;6;5;6;0;5;0;0;5;
August;0;0;0;0;0;0;0;6;0;0;0;0;
Salma;0;0;0;0;0;0;0;0;5;0;5;0;
Monika;5;6;0;0;0;0;0;0;0;0;0;0;
Paula;0;0;0;0;0;5;7;0;0;0;0;0;
Ria;0;5;8;13;13;10;5;6;0;0;0;0;
Alexia;11;11;9;9;0;6;8;14;9;5;9;9;
Tanvir;6;0;0;0;0;0;0;8;0;0;0;0;
Maria;42;31;30;38;43;35;34;36;27;34;29;27;
Rio;0;0;0;0;0;0;0;0;5;0;0;0;
Everleigh;0;0;0;0;0;0;0;0;0;11;7;7;
Lynette;0;0;0;0;0;0;0;0;0;0;0;5;
Sonja;5;5;0;5;6;0;0;7;0;0;0;0;
Lucie;0;0;0;0;0;10;0;0;0;0;5;0;
Alexis;66;68;66;84;68;69;69;89;126;100;103;91;
Lucia;6;7;5;11;8;22;15;17;14;15;25;21;
Bronwyn;9;7;6;0;6;8;10;5;11;10;12;7;
Theresa;0;7;8;0;5;6;5;0;5;0;0;0;
Jaina;0;0;0;0;0;5;0;0;0;0;0;0;
Ayva;0;0;0;0;0;0;7;0;0;6;0;0;
Larissa;14;13;6;11;13;9;9;5;5;0;0;0;
Brittany;21;7;10;5;0;0;0;0;0;0;0;0;
Liana;0;0;0;0;0;0;0;7;5;7;0;6;
Kaylin;5;0;6;0;0;5;8;5;5;0;0;0;
Adriana;7;11;10;11;15;7;5;15;18;8;14;17;
Arwen;0;0;0;0;5;0;0;0;0;0;7;0;
Kaylie;5;8;7;6;11;11;14;6;9;11;5;10;
Sharon;13;9;8;5;10;0;5;0;6;6;0;0;
Jasreet;0;0;0;0;0;0;0;0;0;0;5;5;
Nika;0;0;0;0;0;5;0;5;6;8;9;6;
Katarina;15;5;6;8;6;6;6;0;0;5;0;0;
Aryana;0;0;0;0;0;6;5;0;5;0;0;6;
Isabel;30;26;23;23;42;31;40;38;24;31;38;23;
Destiny;37;19;19;19;19;20;16;24;15;15;12;15;
Anastasia;11;13;13;11;21;19;20;27;18;10;8;15;
Sukhman;0;5;7;0;10;5;0;0;7;0;6;8;
Brynn;10;17;15;13;12;17;10;12;16;16;26;23;
Anisha;6;0;0;11;5;6;9;5;7;5;0;0;
Makaila;0;0;0;0;0;6;0;0;0;0;0;0;
Caitlin;0;43;35;36;37;24;34;15;16;17;14;11;
Alina;7;5;8;9;8;12;16;13;20;19;14;24;
Siobhan;0;5;0;0;7;5;0;0;0;0;0;0;
Mehar;0;0;0;0;0;0;0;0;0;5;0;6;
Renee;13;12;15;11;0;7;9;7;10;6;8;0;
Bella;7;8;10;10;12;11;14;23;45;33;44;30;
Sequoia;0;5;0;0;0;0;5;0;0;0;6;6;
Belle;5;0;0;0;0;0;0;5;6;0;5;0;
Riley;14;21;24;28;27;23;29;34;37;38;28;26;
Madalyn;5;7;0;0;0;0;6;9;7;0;0;0;
Hillary;0;0;0;0;9;0;6;0;0;0;0;0;
Eden;16;15;19;16;24;14;33;25;38;25;21;22;
Alyvia;0;0;0;0;0;0;5;0;8;0;11;0;
Tyra;17;10;9;8;5;0;0;0;0;0;0;0;
Tiara;0;0;0;5;6;0;0;0;0;0;5;0;
Ashleen;0;0;0;12;0;0;6;5;8;6;7;5;
Heather;24;18;16;22;15;14;8;10;5;0;5;8;
Adrienne;12;0;0;6;0;0;5;0;0;7;0;5;
Liberty;6;0;0;0;0;0;5;0;0;7;6;0;
Madilyn;0;0;0;8;0;0;6;0;8;0;9;0;
Naya;0;0;0;0;0;0;0;6;0;0;5;0;
Madilynn;0;0;0;0;0;0;0;0;5;0;5;0;
Katelyn;48;38;40;44;47;46;41;38;40;42;21;29;
Paulina;0;0;0;0;0;5;0;0;0;5;0;0;
Calista;0;5;0;0;0;5;0;0;0;9;0;0;
Pauline;0;0;0;0;5;0;0;0;0;0;0;0;
Amy;80;56;62;70;47;41;34;43;41;31;35;19;
Elsie;0;0;0;0;6;0;0;0;7;0;5;10;
Maddison;11;12;10;9;8;10;18;24;19;24;25;13;
Lili;0;0;0;0;0;0;0;7;0;0;0;0;
Simrin;0;5;0;0;0;0;0;0;0;0;0;0;
Brittney;10;0;0;0;0;0;0;0;0;0;0;0;
Lila;0;0;0;5;0;8;13;16;18;19;21;15;
Tanvi;0;0;0;0;0;5;0;0;0;0;0;0;
Lily;26;43;46;64;77;83;118;122;152;128;129;121;
Genevieve;12;14;14;6;10;15;5;10;5;10;15;9;
Mylee;0;0;0;0;0;0;0;5;0;0;0;6;
Priscilla;0;6;0;0;5;0;0;0;0;0;0;5;
Miah;0;5;0;0;0;5;0;0;0;0;6;0;
Lilah;0;0;0;0;0;5;8;5;12;13;13;12;
Jennifer;70;58;50;38;35;30;27;21;20;20;17;19;
Hayden;0;0;0;0;7;6;14;34;24;10;20;10;
Kareena;0;9;0;0;0;0;0;0;0;0;0;0;
Allison;30;44;25;22;14;29;29;25;20;16;19;18;
Averie;0;0;0;0;0;0;0;0;0;5;5;11;
Tanveer;0;0;5;0;0;0;0;0;0;5;0;0;
Peyton;6;11;11;17;17;23;31;60;67;67;53;42;
Amaya;0;0;5;0;0;7;10;13;10;0;11;16;
Cristina;0;8;0;0;0;0;0;0;0;0;0;0;
Nikki;5;8;0;0;0;0;0;7;10;0;0;0;
Darby;0;0;0;0;0;5;0;0;0;0;0;0;
Parker;0;0;0;0;6;0;7;10;10;10;7;10;
Scarlett;0;0;0;7;17;16;25;21;39;46;48;49;
Zoe;63;64;75;54;49;51;45;57;71;83;84;76;
Angela;47;33;41;27;38;28;29;35;23;20;25;30;
Alora;0;0;0;0;0;0;0;0;0;5;0;0;
Katherine;57;56;38;48;36;41;36;42;29;28;27;50;
Colette;5;0;0;0;0;0;0;0;0;0;0;0;
Keziah;0;0;0;7;0;0;6;6;0;0;6;0;
Lan;0;0;0;0;5;0;0;0;0;0;0;0;
Jacey;0;0;0;0;0;0;0;7;0;0;0;0;
Katy;0;0;0;5;0;0;0;0;0;5;0;0;
Tenley;0;0;0;0;0;0;0;0;0;8;7;9;
Crystal;19;17;14;5;6;10;13;10;12;10;0;8;
Maeve;9;0;9;6;6;8;0;5;10;8;9;9;
Riya;10;6;7;13;19;14;12;16;18;13;11;13;
Priya;19;13;20;19;19;25;16;14;14;11;13;6;
Courtney;35;28;29;20;16;11;13;16;9;6;0;0;
Shaylyn;5;0;0;0;0;0;0;0;0;0;0;0;
Gina;6;6;11;0;5;5;0;0;0;0;5;5;
Denise;6;5;10;0;0;8;0;0;0;0;0;0;
Darya;0;0;0;0;0;0;0;5;0;0;0;0;
Reese;6;0;17;15;10;24;25;21;29;14;21;18;
Lindsay;23;17;14;12;14;19;15;9;9;8;5;5;
Anna;91;77;80;99;82;84;79;82;78;81;78;74;
Joy;0;8;9;9;8;0;10;10;8;0;6;12;
Hazel;0;0;7;9;14;10;19;25;17;29;29;37;
Anne;0;13;12;0;8;9;6;6;0;5;12;8;
Logan;10;9;10;0;0;6;0;0;9;0;8;0;
Juniper;0;0;0;0;0;0;0;0;5;0;0;6;
Karis;0;0;0;5;6;5;5;10;9;9;8;9;
Harjot;0;0;0;8;0;0;5;0;0;0;0;0;
Anaya;0;0;0;0;5;0;7;6;6;14;9;13;
Felicity;8;0;0;0;0;5;5;8;5;8;5;0;
Siena;0;0;5;0;6;9;10;15;9;13;7;8;
Candice;0;0;0;0;0;0;0;0;0;0;5;0;
Everly;0;0;0;0;0;0;0;0;0;0;0;8;
Nevaeh;0;0;5;14;31;33;47;56;68;58;48;42;
Wren;0;0;0;0;0;0;0;0;0;6;0;0;
Lynnea;0;0;0;0;0;5;0;0;0;0;0;0;
Sylvie;0;0;0;0;0;0;6;9;7;5;9;5;
Edith;0;0;0;0;0;0;0;0;0;0;0;6;
Sylvia;10;7;0;0;6;13;7;0;7;8;9;5;
Jaida;8;13;13;6;16;12;12;7;10;12;6;6;
Robyn;18;13;12;5;12;7;6;13;10;0;0;0;
Shaelynn;0;0;0;6;0;0;0;0;0;0;0;0;
Alycia;5;0;7;0;0;0;0;0;0;0;0;0;
Leona;0;0;0;0;0;0;0;7;0;0;5;5;
Charleigh;0;0;0;0;0;0;0;0;0;0;7;0;
Gracie;18;16;26;14;32;22;20;16;28;16;18;13;
Erica;18;22;21;22;20;20;16;12;19;14;13;14;
Gurneet;5;8;0;5;8;9;7;13;0;0;5;0;
Ruth;0;10;6;0;8;8;10;6;0;9;5;7;
Rhea;9;14;10;10;15;8;21;11;9;6;15;8;
Shay;0;0;0;0;0;0;0;0;5;0;0;0;
Cecilia;8;6;6;0;5;5;5;10;8;0;8;14;
Megan;140;135;131;115;97;72;62;60;53;41;30;26;
Alexandra;106;60;88;71;66;56;54;52;50;50;50;48;
Jenelle;6;0;5;0;0;0;0;0;0;0;5;0;
Diana;14;10;6;6;7;9;9;7;10;8;7;12;
Mia;38;38;30;39;56;53;67;84;78;80;95;75;
Isobel;7;5;0;5;0;7;10;7;12;10;12;7;
Skyler;0;6;0;0;0;6;0;6;0;8;0;13;
Nimrat;0;0;0;0;0;0;0;0;6;0;5;5;
Ameera;0;0;0;0;0;0;5;0;0;0;8;6;
Rochelle;5;0;0;0;0;0;0;0;0;0;0;0;
Juliet;0;5;0;6;0;0;0;9;12;16;10;9;
Julianna;13;17;13;19;14;14;11;15;12;13;14;11;
Alena;0;0;0;5;0;0;5;0;0;5;7;0;
Julianne;12;8;5;5;0;0;9;7;5;5;0;0;
Valentina;0;0;0;0;0;6;6;12;15;10;17;15;
Tahlia;0;0;5;0;0;0;0;0;5;0;0;0;
Martina;15;11;6;5;0;0;9;0;0;0;5;0;
Kora;0;0;0;0;0;6;0;0;0;0;0;0;
Sawyer;0;0;0;0;0;0;0;0;0;5;5;11;
Rheanna;5;0;0;0;0;0;0;0;0;0;0;0;
Bethany;21;21;16;15;13;21;18;6;11;12;13;12;
Alessandra;0;0;0;0;5;0;9;0;0;5;5;13;
Angelica;11;17;11;8;14;11;7;8;9;9;12;7;
Marika;0;5;0;0;0;0;0;0;0;0;0;0;
Jaedyn;0;0;5;0;0;0;0;0;0;0;0;0;
Arielle;7;0;6;8;0;9;6;8;8;8;6;12;
Brooklynne;0;0;0;0;0;0;0;0;0;0;5;0;
Ariella;0;0;0;0;0;0;0;0;6;0;0;9;
Mannat;0;0;0;0;0;8;19;23;17;20;21;22;
Kayleigh;13;9;7;7;12;15;13;10;10;11;11;9;
Arya;0;0;0;0;0;0;0;0;0;0;10;29;
Tatum;5;6;0;8;10;9;10;0;0;5;5;9;
Milan;0;0;0;5;0;0;0;0;0;0;0;0;
Jaime;11;18;6;8;10;6;10;10;12;0;0;0;
Phoebe;12;8;0;7;15;10;12;11;11;10;8;13;
Tayla;0;0;0;0;0;7;8;6;0;7;8;0;
Annabelle;12;10;5;12;18;14;20;17;21;42;33;33;
Annabella;0;0;6;0;9;0;6;0;13;10;8;0;
Syra;0;0;0;0;0;0;0;0;6;0;0;0;
Lilli;0;0;0;0;0;0;0;0;5;0;0;0;
Emilia;0;9;7;8;15;13;12;9;15;17;9;31;
Emmeline;0;0;0;0;0;0;0;0;0;0;0;5;
Amanda;75;63;47;49;44;26;39;29;25;15;9;14;
Emilie;15;12;12;16;14;8;9;7;5;11;6;6;
Livia;11;0;0;5;6;6;14;11;14;0;9;15;
Harveen;7;7;0;0;0;0;5;7;0;5;7;0;
Jasmin;17;17;11;15;7;13;15;9;19;8;6;8;
Lilly;0;0;0;8;6;13;10;17;25;23;20;14;
Shirley;0;0;6;8;0;0;0;0;0;0;5;0;
Kianna;8;15;10;17;8;7;12;10;16;9;14;6;
Prisha;0;0;0;0;0;5;0;0;0;0;0;0;
Jaelyn;0;0;5;0;5;6;6;10;6;0;0;7;
Monica;12;15;10;18;12;9;8;10;10;0;7;9;
Amneet;0;5;0;0;0;0;0;0;0;0;0;0;
Bridget;6;14;9;7;12;8;8;0;0;8;0;0;
Leanna;0;0;0;0;0;0;8;0;0;5;0;7;
Leanne;7;9;5;5;9;0;8;0;6;5;8;7;
Eve;9;9;10;11;9;11;11;9;15;9;13;12;
Marie;11;16;6;5;9;0;10;6;11;5;8;5;
Alexa;27;32;41;42;35;45;39;45;54;52;59;50;
Eva;14;18;18;18;38;41;47;48;57;57;48;55;
Aryanna;0;0;0;0;0;0;6;0;5;0;5;0;
Marin;0;0;0;7;0;5;0;9;6;0;11;7;
Poppy;0;0;0;0;0;6;6;6;7;8;11;17;
Annika;27;27;44;32;43;34;36;27;35;26;36;28;
Neveah;0;0;0;0;0;0;0;0;0;6;0;0;
Jasneet;9;0;0;0;0;5;0;0;0;0;0;0;
Rita;0;0;5;0;0;0;0;0;0;0;0;0;
Regan;5;9;5;7;5;0;5;0;0;0;5;0;
Samara;0;6;10;6;8;13;8;9;11;12;8;12;
Ma;0;0;0;0;0;0;0;0;0;15;7;8;
Ana;8;12;11;9;9;12;11;5;9;12;12;8;
Tayler;5;12;0;6;5;7;0;0;0;0;0;0;
Manroop;0;0;0;0;0;5;8;0;5;5;0;0;
Adalyn;0;0;0;0;0;0;0;0;0;0;7;9;
Pavneet;5;0;5;0;0;0;0;6;0;0;5;0;
Ann;0;0;0;0;5;0;0;0;0;0;0;0;
Aubrie;0;0;0;0;0;0;0;0;0;5;0;0;
Aleena;0;0;12;0;6;5;6;0;0;0;7;7;
Aiyana;0;0;0;5;0;0;0;5;0;0;6;0;
Mataya;0;0;0;9;0;0;0;0;8;0;6;0;
Kennedi;0;0;0;0;0;0;5;0;0;0;0;0;
Clarissa;5;0;0;0;0;8;6;0;0;5;0;0;
Kaidence;0;0;0;0;0;0;0;6;0;0;0;0;
Isis;0;0;0;0;0;5;0;0;6;0;5;0;
Jazmine;0;0;5;0;7;5;0;5;0;0;0;0;
Farrah;0;0;0;0;0;0;6;0;0;0;9;14;
Jaclyn;5;8;0;0;7;6;0;0;0;0;0;6;
Reina;0;0;0;0;0;0;0;0;6;0;5;8;
Vivienne;0;0;0;0;0;0;0;5;0;11;9;11;
Savanna;8;6;5;10;10;17;6;19;11;9;10;11;
Lauryn;12;13;14;7;10;6;9;9;8;11;9;0;
Vanessa;35;49;44;48;41;34;35;35;28;27;32;28;
Lylah;0;0;0;0;0;0;0;0;5;0;0;0;
Amelia;14;39;44;57;59;53;57;62;62;102;90;96;
Jaidyn;0;0;5;5;0;0;5;6;5;6;0;0;
Amelie;0;12;17;14;6;9;8;5;7;9;6;17;
Avery;21;33;43;54;52;63;71;90;102;103;104;138;
Haylee;9;0;12;10;9;12;6;16;15;7;13;8;
Madelyn;7;8;16;20;18;10;22;39;34;23;25;25;
Parneet;6;6;7;0;10;9;8;7;8;9;6;7;
Memphis;0;0;0;0;0;0;0;0;0;0;0;5;
Averi;0;0;0;0;0;0;0;0;0;5;0;0;
Ailish;0;0;0;0;0;0;0;0;5;0;0;0;
Ashleigh;11;9;12;9;5;7;0;0;8;0;7;0;
Ryann;0;0;6;5;5;0;0;5;5;0;0;77;
Angel;22;23;10;16;17;12;21;10;11;25;19;16;
Eileen;8;0;0;5;0;0;0;0;0;0;0;0;
Kalia;0;0;0;0;0;0;0;0;0;0;8;6;
Penny;0;0;0;0;0;0;0;0;0;0;5;7;
Macie;0;0;0;0;6;0;0;0;0;0;0;0;
Olivia;178;164;208;184;202;198;211;210;243;296;245;274;
Evelyn;7;13;21;25;14;23;34;26;44;46;60;68;
Aspen;0;0;5;0;0;0;0;0;0;6;0;5;
Hailey;104;83;111;124;112;84;85;103;83;89;97;88;
Kim;0;0;0;0;0;6;0;0;0;0;0;0;
Sadie;16;19;17;33;42;40;60;51;45;38;49;38;
Hailee;6;7;11;0;16;9;6;0;0;5;0;7;
Janice;9;10;7;0;5;0;8;7;8;0;0;7;
Kirsten;26;13;18;15;19;9;7;9;0;0;0;6;
Cordelia;0;0;0;0;0;0;0;0;0;0;6;0;
Sienna;14;17;16;12;39;74;71;62;79;67;65;53;
Mira;0;11;0;9;9;10;10;15;10;10;10;14;
Trinity;38;39;52;51;42;39;27;30;21;31;18;16;
Jamie;30;26;35;19;17;10;10;10;18;19;11;14;
Talia;28;16;20;26;22;22;22;22;21;14;27;22;
Sana;0;0;0;0;0;0;0;6;0;8;0;0;
Eliza;9;0;5;5;6;9;6;5;6;13;12;12;
Tabitha;0;5;0;0;0;0;0;7;5;0;0;5;
Nevada;0;0;5;0;0;0;0;0;0;0;0;0;
Marlee;0;0;5;0;0;0;6;11;5;5;5;0;
Halle;11;16;14;11;14;11;14;13;12;16;11;18;
Lyla;0;0;0;0;0;7;9;12;18;30;36;23;
Morgan;69;58;48;55;49;46;47;43;52;32;33;23;
Francesca;6;0;8;6;6;6;9;8;6;6;14;7;
Alisa;0;5;0;0;0;0;0;8;6;0;5;5;
Wendy;0;6;5;0;6;0;0;0;0;0;0;0;
Alexus;0;0;0;0;0;0;0;0;9;0;0;0;
Raelynn;0;0;0;0;0;0;0;0;0;0;0;5;
Joanne;7;9;7;5;0;8;9;5;6;0;0;6;
Avah;0;0;0;0;0;0;0;0;6;0;0;0;
Tea;5;0;0;0;0;0;0;0;0;0;0;0;
Hayley;30;42;36;22;18;25;24;21;22;15;16;11;
Alettalynn;0;0;0;0;0;0;0;0;0;1;0;0;
Sage;14;20;7;12;15;25;18;13;17;14;14;11;
Alaina;0;0;0;0;0;0;0;5;9;8;8;0;
Selah;0;0;0;0;0;0;0;5;0;0;0;0;
Darian;6;0;0;0;0;0;0;0;0;0;0;0;
Camille;8;11;10;12;13;5;0;5;9;7;15;8;
Ellen;8;10;0;0;11;0;5;0;6;0;9;5;
Florence;0;0;0;0;0;0;0;0;5;0;0;9;
Madisen;5;0;0;0;5;5;0;0;0;0;0;0;
Camilla;0;0;0;0;5;0;0;0;5;5;7;0;
Iman;0;0;6;0;0;0;7;0;0;0;0;0;
Priyanka;0;0;0;0;6;0;0;0;0;0;0;0;
Nina;19;14;11;11;20;15;14;19;25;12;18;29;
Makenzie;9;0;0;9;6;8;0;5;11;14;12;6;
Adelina;0;0;0;0;0;5;0;0;0;0;0;0;
Brianne;10;6;6;7;8;5;0;5;0;0;0;6;
Tasha;6;0;0;0;7;7;0;0;0;0;0;0;
Adeline;0;0;0;0;5;0;0;0;8;6;8;5;
Prabhnoor;0;0;0;0;5;0;0;0;0;0;5;5;
Aya;0;0;0;0;0;7;9;10;0;6;6;8;
Tina;8;15;9;9;6;0;6;10;9;5;5;0;
Leighton;0;0;0;0;0;0;0;0;12;0;9;0;
Philippa;0;0;0;0;0;0;0;0;0;0;5;0;
Kylee;0;12;8;13;13;11;12;10;10;0;12;11;
Charis;0;5;0;0;0;0;0;6;0;0;5;0;
Gwen;0;0;0;0;0;0;0;0;0;7;0;0;
Bailey;0;28;24;10;18;18;18;26;25;19;21;21;
Meaghan;9;0;6;0;0;5;0;0;0;0;0;0;
Bailee;31;0;0;0;0;0;0;0;0;0;0;0;
Shaina;0;0;0;0;0;7;0;0;0;0;0;0;
Prabhleen;0;0;5;0;0;0;0;5;0;0;0;5;
Tatianna;0;0;5;0;0;0;0;0;0;0;0;0;
Rebekah;11;20;12;9;11;9;12;5;0;8;5;8;
Paisley;0;0;0;5;0;0;5;5;13;15;14;25;
Rianna;8;6;0;0;0;7;7;5;0;0;0;0;
Ravleen;0;0;0;0;5;7;0;0;0;7;0;0;
Mina;0;8;0;0;5;0;6;9;5;5;9;12;
Evangeline;0;0;0;0;7;12;25;18;23;22;23;20;
Haven;0;0;0;5;0;0;0;0;0;0;6;5;
Aria;0;0;6;0;9;12;12;13;14;14;33;61;
Hilary;0;0;0;0;6;5;6;0;0;0;0;0;
Nimrit;5;0;0;0;0;0;0;0;6;5;8;9;
Simran;51;35;45;35;38;24;24;32;15;12;17;12;
Yolanda;0;0;0;0;0;0;7;0;0;0;0;0;
Abigayle;0;0;0;0;7;0;0;8;0;0;0;0;
Elsa;0;0;8;0;7;6;5;0;7;8;6;11;
Carla;0;0;0;0;0;0;0;0;0;0;0;8;
Jazmin;5;0;0;0;0;0;0;0;5;0;0;0;
Kayden;0;0;0;0;0;0;5;7;0;0;0;0;
Giselle;6;0;0;0;0;0;0;0;5;0;5;0;
Kaira;0;0;0;0;0;6;0;0;0;0;0;0;
Kendra;31;29;28;22;28;21;28;18;15;13;12;13;
Carly;13;11;10;20;8;11;8;9;0;7;8;9;
Jordanna;0;0;0;0;0;0;0;0;5;0;0;0;
Izabella;0;5;5;0;0;14;10;9;16;16;13;11;
Veronica;21;21;19;20;18;18;14;13;16;20;12;9;
Izabelle;0;0;0;0;0;0;0;0;5;0;0;0;
Tess;10;8;5;10;0;6;0;5;0;8;0;0;
Kaliah;0;0;0;0;0;0;0;0;0;0;0;5;
Mackenna;0;8;0;0;0;0;0;0;9;0;0;0;
Jaspreet;10;10;0;0;0;0;0;0;0;0;0;0;
Lilian;5;0;0;0;6;0;7;6;6;5;7;0;
Zara;0;0;0;10;10;11;18;10;18;13;15;21;
Elodie;0;0;0;0;0;0;0;0;0;0;8;0;
Caroline;12;6;9;11;10;14;0;8;7;6;10;9;
Melanie;15;13;13;11;13;8;0;8;13;8;9;6;
Deanna;9;8;0;5;6;0;5;0;9;0;0;0;
Amalia;0;0;0;0;0;6;0;0;5;0;8;0;
Chlo;0;0;0;0;8;7;11;10;0;7;13;5;
Kalina;6;0;7;0;0;0;0;6;0;0;6;0;
Briana;9;0;9;0;0;8;6;0;0;0;0;0;
Serenity;0;6;6;10;9;9;11;15;13;21;15;21;
Cecelia;0;0;0;0;0;0;0;0;0;0;0;6;
Ava;48;60;87;103;172;232;236;233;223;5;205;187;
Esme;0;0;0;0;0;0;7;0;10;9;0;8;
Fatima;9;6;5;5;0;6;5;5;11;9;7;0;
Ishmeet;0;0;0;0;0;0;6;0;0;0;0;0;
Harman;5;0;0;0;0;0;0;0;0;0;0;0;
Mikaela;10;18;13;10;12;8;14;12;21;16;19;18;
Kaiya;6;12;12;12;10;6;10;14;20;13;10;14;
Ocean;0;8;0;6;10;6;7;0;5;0;5;0;
Teresa;17;6;8;8;9;0;6;0;5;5;5;0;
Isha;12;0;0;0;6;0;5;0;0;0;7;0;
Ariana;11;17;15;14;10;14;17;27;19;21;29;30;
Gursimran;7;0;0;9;5;0;0;0;0;0;0;0;
Dora;0;0;0;0;0;0;0;0;0;5;0;0;
Dylan;0;0;13;0;9;7;6;8;0;7;5;14;
Noelle;6;6;0;0;7;5;7;10;8;12;5;7;
Autumn;30;29;27;24;28;26;26;39;30;38;47;34;
Kierra;7;9;0;9;0;5;8;7;5;0;0;0;
Violet;8;9;0;0;15;19;29;43;44;57;46;66;
Jacqueline;19;15;17;21;12;13;17;11;16;7;5;0;
Coco;0;0;0;0;8;0;0;0;5;12;7;5;
Naia;0;0;0;0;0;0;0;0;0;0;6;0;
Isabella;95;129;133;122;149;149;168;158;184;167;179;142;
Isabelle;50;48;39;40;64;61;77;72;49;73;71;60;
Savanah;0;0;0;0;5;5;7;0;5;0;6;0;
Casey;14;10;7;7;10;7;7;0;6;0;7;6;
Austyn;0;0;0;0;0;0;0;0;0;0;0;7;
Neha;7;10;6;13;12;9;0;10;6;0;0;0;
Akasha;0;0;0;5;0;0;0;0;0;0;0;0;
Kenadie;0;0;0;0;0;0;5;0;0;0;0;0;
Taryn;19;16;19;20;23;17;20;14;8;12;5;0;
Alisha;18;16;12;18;21;23;8;20;14;11;11;11;
Juliette;0;7;5;8;7;0;7;7;10;8;10;14;
Ariel;7;13;9;12;17;13;16;11;21;15;8;17;
Alia;0;12;0;6;0;0;0;5;8;5;6;0;
Rory;0;0;8;0;0;0;7;0;0;0;0;0;
Tatiana;11;12;12;0;7;9;8;7;0;5;0;0;
Montana;7;6;10;0;9;0;9;6;0;0;0;0;
Emery;0;0;0;0;0;0;0;0;9;6;17;5;
Saiya;0;0;0;0;0;0;0;5;0;0;0;0;
Chantal;13;13;9;7;6;8;0;6;0;0;0;0;
Bianca;19;15;12;18;19;17;23;17;16;14;19;18;
Mavis;0;0;0;0;0;0;0;0;6;0;5;8;
Myra;0;0;0;0;0;0;5;12;5;8;5;5;
Adrianna;6;0;7;7;16;7;10;14;21;13;13;15;
Rylee;14;10;15;16;14;10;16;29;25;32;27;27;
Elliana;0;0;0;0;0;0;0;0;0;5;0;6;
Rylea;0;0;0;0;0;0;0;0;0;5;0;0;
Alison;16;27;17;13;10;17;10;6;12;6;9;15;
Jia;0;0;5;7;8;5;9;0;7;0;5;5;
Anureet;0;0;0;7;0;7;5;0;6;0;0;0;
Harnoor;5;0;8;8;15;20;14;13;5;11;12;13;
Nola;0;5;0;0;0;10;0;8;8;5;0;6;
Rayne;0;9;0;0;0;10;5;5;8;8;0;7;
Brenda;7;0;0;0;0;0;0;0;0;0;0;0;
Gloria;8;8;11;9;8;6;9;7;8;8;5;6;
Ryley;0;0;0;0;0;0;0;6;0;5;0;0;
Milania;0;0;0;0;0;0;0;0;0;0;0;6;
Kimberly;14;17;14;12;9;9;9;13;5;8;11;11;
Lauren;126;129;104;109;93;86;78;85;74;52;53;49;
Molly;25;23;28;22;13;24;38;38;36;40;41;25;
Elisabeth;8;7;6;7;9;8;6;8;5;0;9;5;
Elianna;0;0;0;0;0;0;0;0;0;5;6;5;
Michaela;21;22;10;13;19;19;15;10;7;14;7;15;
Saige;0;8;0;5;5;10;0;0;5;6;9;5;
Justice;0;7;7;0;0;9;5;0;6;0;0;0;
Grace;126;142;148;142;137;131;116;105;131;111;108;101;
Shianne;0;0;6;0;0;0;0;0;0;0;0;0;
Vivian;17;13;13;12;12;21;18;19;17;8;16;18;
Charlotte;32;47;39;42;50;71;68;69;0;109;113;122;
Soleil;5;5;0;6;0;5;5;0;6;10;0;6;
Paris;9;13;24;23;6;5;0;0;5;0;0;5;
Navreen;0;0;0;5;0;0;0;0;0;0;0;0;
Jorja;6;8;9;22;18;27;19;22;9;9;8;7;
Yusra;0;0;0;0;0;0;0;0;0;0;0;5;
Lillian;11;12;20;19;12;23;22;23;24;29;44;50;
Charlie;0;0;5;9;7;9;11;13;0;19;17;27;
Nadia;20;14;10;13;17;18;22;15;7;14;24;10;
Jaeda;0;0;0;0;0;6;8;0;0;0;0;0;
Navreet;0;0;0;0;0;0;0;0;0;0;8;0;
Kenley;0;0;0;0;0;0;0;0;0;0;6;6;
Vicky;6;6;0;5;7;0;6;0;0;0;0;0;
Matilda;0;0;0;0;0;0;0;0;5;9;15;7;
Adelaide;0;0;0;0;0;0;7;6;8;14;13;15;
Yara;0;0;0;0;0;0;0;0;0;0;7;0;
Laura;39;25;26;27;26;27;25;16;16;16;11;15;
Tyler;0;0;0;10;8;0;5;8;0;8;0;0;
Nya;0;0;7;0;6;0;0;8;8;5;5;6;
Kendall;8;0;7;0;14;0;6;0;8;0;6;9;
Addyson;0;0;0;0;0;6;5;0;11;11;13;5;
Kyah;0;0;0;0;0;0;0;0;0;0;0;5;
Kristin;5;6;0;0;0;0;7;6;6;0;0;0;
Nahla;0;0;0;0;0;0;0;0;0;0;0;5;
Emelia;0;0;0;0;6;0;5;5;0;0;5;10;
Brook;0;5;0;7;0;7;0;0;5;0;5;0;
Gia;0;0;0;0;0;6;5;12;11;23;21;24;
Leilani;0;0;0;0;0;0;0;0;5;0;0;0;
Elysia;6;0;0;0;0;0;0;0;0;0;5;0;
Joey;0;0;0;6;0;6;0;0;0;5;0;0;
Khloe;0;0;0;0;0;0;0;0;17;13;26;35;
Maleah;0;0;0;0;0;0;0;0;0;5;0;6;
Lana;0;0;0;5;0;6;5;7;6;6;6;7;
Madeleine;29;25;27;23;21;31;32;46;37;42;27;34;
Kaycee;0;0;0;0;0;0;0;0;5;0;0;0;
Shreya;0;0;5;0;0;0;0;5;0;6;0;0;
Manvi;0;0;0;0;0;0;0;0;0;0;0;5;
Patricia;13;13;8;9;9;9;6;0;0;8;0;0;
Calla;5;0;5;0;0;8;6;8;6;6;8;9;
Ramneet;0;0;0;0;0;0;7;0;0;0;0;0;
Maxine;0;6;0;0;0;6;0;8;0;0;0;0;
Jordyn;27;32;61;36;31;36;43;38;34;44;29;28;
Joanna;13;15;12;8;9;13;11;6;10;23;11;16;
Neelam;0;5;0;0;0;0;0;0;0;0;0;0;
Renae;0;0;0;0;0;0;0;0;0;0;0;5;
Sonya;0;0;0;5;6;7;0;0;0;0;0;0;
Kali;9;9;10;8;14;10;13;10;16;9;9;17;
Adelle;0;0;0;0;0;0;0;0;0;0;8;5;
Anneke;0;0;0;0;0;0;0;0;5;0;0;0;
Ayanna;0;0;0;0;0;0;0;0;5;0;0;0;
Dayna;15;0;6;5;5;0;0;5;0;0;0;0;
Amara;7;0;0;0;0;0;13;8;11;0;8;7;
Kaitlynn;8;0;8;11;5;5;9;11;0;5;0;0;
Carol;0;6;0;0;0;0;0;0;0;0;0;0;
Alethea;0;0;0;0;0;5;0;0;0;0;0;0;
Alice;15;14;11;12;16;19;20;24;15;29;39;37;
Desirae;0;5;0;0;6;0;0;0;0;0;0;0;
Daniella;7;8;6;13;8;0;13;8;9;5;8;8;
Komal;7;6;5;7;0;0;10;6;0;0;0;0;
Greta;0;0;0;0;0;0;6;0;5;6;0;0;
Aisha;10;6;12;7;9;8;7;7;10;9;5;6;
Emmerson;0;0;0;0;0;5;0;0;6;0;0;0;
Sloan;0;0;0;0;0;0;0;0;0;0;16;11;
Sehaj;0;0;0;0;0;0;0;0;5;6;0;6;
Gillian;6;7;8;10;0;5;7;5;8;0;0;0;
Sukhmani;0;0;7;0;0;0;0;0;5;7;6;5;
Michelle;75;58;52;41;43;37;32;27;22;27;25;19;
Lola;0;9;13;14;18;25;22;16;24;28;21;16;
Samira;0;0;0;0;0;0;0;5;0;0;0;0;
Elliott;0;0;0;0;0;0;0;0;0;6;0;5;
Danielle;53;54;49;38;43;34;33;25;24;15;9;21;
Chloe;94;127;116;100;107;130;131;160;0;172;186;143;
Kaley;0;0;0;0;0;0;0;0;0;0;5;0;
Quinn;9;8;7;7;11;15;17;11;12;34;37;43;
Hannah;231;212;196;194;189;190;186;150;151;114;129;130;
Scarlet;0;0;0;0;0;0;0;0;10;13;7;0;
Katharine;0;0;0;0;6;0;7;0;0;0;0;0;
Abbey;8;13;11;13;12;5;7;9;9;0;0;0;
Devyn;5;6;0;0;5;10;8;6;0;9;6;6;
Cathy;0;5;5;0;6;8;0;0;0;5;0;0;
Kaila;0;6;5;0;6;0;0;7;0;7;5;5;
Willow;11;12;12;9;12;12;20;16;15;23;30;33;
Daisy;7;10;6;6;15;8;12;11;11;10;9;12;
Devon;10;0;6;8;0;8;7;5;0;0;0;0;
Breanna;41;26;33;28;27;26;21;15;16;16;14;7;
Haylie;0;0;0;0;7;6;7;8;0;0;0;0;
Beatrix;0;0;0;0;0;0;0;0;0;0;5;8;
Saskia;0;0;0;0;0;0;5;0;0;0;0;0;
Sara;62;60;57;54;64;53;47;44;41;33;30;31;
Irene;10;9;0;0;7;9;12;9;9;7;5;0;
Cali;0;0;0;5;6;0;7;10;12;11;18;13;
Sierra;63;75;65;40;49;54;40;44;36;36;35;25;
Jaden;12;16;13;12;12;8;0;0;0;0;5;0;
Navneet;8;8;0;0;0;0;0;0;0;0;5;0;
Vida;0;0;0;0;0;0;0;5;0;0;0;0;
Lillie;0;0;0;0;0;0;0;0;5;0;0;0;
Jasmyn;0;0;5;0;0;0;0;0;0;0;0;0;
Cheryl;5;0;0;5;0;0;0;0;0;0;0;0;
Jaylene;0;5;0;0;0;0;0;0;0;0;0;0;
Mehak;0;0;0;0;0;0;0;0;0;7;5;0;
Madelynn;0;6;0;0;0;0;0;0;8;0;0;0;
Aleah;0;0;0;5;0;0;0;6;7;8;9;0;
Rose;15;10;7;9;15;10;14;13;16;23;17;27;
Makayla;40;41;27;25;35;36;33;35;44;42;44;38;
Rosa;0;5;0;0;0;0;0;5;0;0;0;0;
Emi;0;0;0;8;0;0;0;0;0;0;6;0;
Avalon;0;0;5;0;0;0;0;0;0;8;7;0;
Chiara;0;6;8;7;10;12;0;8;0;6;6;0;
Opal;0;0;0;0;0;0;0;0;0;0;5;0;
Ellia;0;0;0;0;0;0;0;0;0;0;0;5;
Ellie;7;12;11;7;12;16;18;17;25;31;26;31;
Ayla;0;15;10;7;16;24;26;32;25;37;27;46;
Kathryn;20;21;22;16;14;8;15;5;10;14;8;10;
Misha;0;0;0;0;0;0;0;0;0;7;0;0;
Lindsey;6;6;7;7;6;0;0;0;0;0;0;0;
Skye;5;6;15;9;10;5;12;7;10;16;10;10;
Yasmeen;0;0;0;0;0;0;5;0;0;0;0;0;
Daniela;7;0;6;5;5;0;9;7;0;7;7;0;
Chanel;8;7;0;0;7;7;7;0;11;0;5;6;
Addisyn;0;0;0;0;0;0;0;8;0;8;0;6;
Nyla;0;7;0;0;7;8;5;15;7;5;16;6;
Sandra;9;6;0;7;0;5;0;0;0;6;5;0;
Jena;0;6;5;0;0;0;0;0;0;0;0;0;
Addison;0;0;0;6;12;15;69;60;73;63;70;54;
Stevie;0;0;0;0;0;0;0;0;0;0;0;7;
Sidney;7;15;9;16;11;9;10;12;12;9;0;0;
Gabrielle;50;45;43;40;47;54;40;39;38;34;24;27;
Winter;0;0;0;0;0;0;0;0;0;5;0;6;
Tania;0;7;0;0;0;0;0;0;0;0;0;0;
Celine;5;8;8;7;0;5;0;6;0;0;8;0;
Marlene;0;0;0;0;0;0;5;0;0;0;0;0;
Miya;6;6;6;0;0;5;9;6;5;8;5;6;
Whitney;0;0;0;0;0;0;0;0;0;5;5;6;
Aurelia;0;0;0;0;0;0;0;0;0;0;6;6;
Elaine;0;8;6;5;8;14;0;8;0;7;11;8;
Shaelyn;6;10;0;6;6;0;0;0;0;6;0;0;
Elaina;0;0;0;0;0;0;0;0;6;5;10;6;
Helen;13;10;7;8;13;8;9;5;9;0;7;10;
Japneet;0;0;0;0;0;0;0;8;0;0;0;5;
Tegan;5;0;6;0;7;8;15;7;13;10;7;6;
Shia;0;0;0;0;0;0;0;0;6;0;0;0;
Fiona;26;24;24;15;20;27;20;32;25;18;26;32;
Frankie;0;0;0;0;0;0;0;5;0;0;7;5;
Celeste;9;5;10;8;13;0;0;5;5;9;5;8;
Brooklyn;57;38;68;80;70;96;93;120;100;113;111;113;
Maya;71;96;88;88;118;96;85;111;108;101;90;99;
Anisa;0;0;5;0;0;0;0;0;0;0;6;0;
Madison;196;181;163;162;177;138;130;140;120;110;126;112;
Elyssa;0;0;5;0;0;6;0;0;0;0;0;0;
Kailyn;0;0;0;0;7;6;8;0;8;0;6;0;
Jaycee;0;0;0;0;0;0;0;0;0;0;5;0;
Deborah;0;0;0;9;8;0;0;0;0;0;0;0;
Audrina;0;0;0;0;0;0;0;9;6;15;8;0;
Jaiden;9;8;11;5;9;8;0;0;0;6;0;0;
Jessica;181;183;148;160;114;76;80;82;53;62;55;48;
Harriet;0;0;0;0;0;0;0;0;0;0;6;0;
Allyson;0;5;5;7;6;0;5;0;7;0;0;5;
Marissa;25;23;24;37;41;20;24;10;15;15;11;8;
Ren;0;0;0;0;6;5;7;0;0;0;0;0;
Emily;310;303;300;249;233;234;229;224;201;185;182;195;
Annabel;0;0;0;6;0;0;0;0;7;0;7;7;
Mary;29;32;27;31;24;21;30;20;11;20;15;19;
Adele;0;0;0;5;0;0;0;0;0;5;11;10;
Malia;0;7;7;8;7;14;7;11;10;15;14;15;
Hadley;0;0;0;0;0;7;7;7;0;6;6;17;
Nicole;123;88;91;80;74;64;70;33;46;37;22;25;
Lacey;0;0;0;0;8;7;7;11;12;11;14;10;
Divya;0;0;0;0;0;0;0;5;0;0;0;0;
Haley;48;38;32;28;13;19;22;24;14;12;10;13;
Melissa;44;38;27;21;27;20;14;18;12;11;10;11;
Mae;0;0;0;0;0;0;0;0;0;0;6;0;
Christina;42;39;32;30;20;26;22;15;0;15;8;16;
Aislinn;0;0;0;0;0;0;0;0;5;0;0;0;
Luna;7;5;0;0;0;0;0;8;10;8;18;11;
Vera;0;0;0;0;0;0;5;0;0;6;6;0;
Christine;21;25;10;16;15;18;10;11;0;8;10;9;
Kacey;0;0;0;0;0;0;0;0;0;0;0;6;
Skyla;0;0;0;7;6;0;8;10;12;11;8;9;
Leila;0;9;7;10;10;12;17;19;16;18;18;24;
Jaimie;0;0;0;0;5;0;0;0;0;0;0;0;
Leena;0;0;0;0;0;0;0;0;7;0;0;8;
Stefanie;7;0;5;0;0;0;0;0;0;0;0;0;
Niamh;0;0;0;0;6;0;0;0;0;0;0;0;
Kya;0;0;0;5;5;0;8;0;5;5;0;0;
Melody;9;12;13;13;14;18;10;15;16;9;12;19;
Abigail;86;82;93;117;117;120;112;145;131;121;140;126;
Reegan;0;0;0;0;0;0;0;6;0;0;0;0;
Ravneet;11;5;6;0;6;6;11;0;7;6;5;9;
Jacquelyn;5;0;0;0;0;0;0;0;0;0;0;0;
Donna;5;0;0;0;0;0;0;0;0;0;0;0;
Natalya;0;5;0;0;0;0;5;6;6;0;0;5;
Hope;15;12;17;16;15;15;12;16;15;9;13;19;
Ever;0;0;0;0;0;0;0;0;0;8;0;0;
Maiya;5;8;6;0;0;7;0;9;8;8;11;7;
Noa;5;0;5;0;5;6;0;0;0;0;7;0;
Ara;0;0;0;0;0;0;0;0;0;0;0;6;
Janna;0;0;0;0;5;0;0;0;0;0;0;0;
Raya;0;0;0;6;10;7;0;8;6;6;9;7;
Chanelle;0;0;0;5;0;9;0;0;0;0;0;0;
Shaye;0;0;0;5;0;0;0;5;0;0;0;0;
Komalpreet;0;0;0;0;0;0;0;5;0;0;0;0;
Carys;0;0;0;10;8;15;12;10;15;15;13;11;
Willa;0;0;0;0;0;0;0;0;0;5;6;6;
Mariah;21;17;15;9;10;14;10;20;22;11;20;12;
Kaitlin;29;22;14;10;19;15;7;11;7;6;7;9;
Veronika;0;0;0;0;0;7;7;0;0;6;0;0;
Simrit;5;6;0;11;7;6;5;0;5;0;0;5;
Alana;9;7;18;12;12;14;7;14;5;6;6;0;
Ashton;0;0;0;0;0;5;0;0;0;0;0;0;
Tiana;11;21;16;27;21;15;10;16;12;12;7;7;
Gurmannat;0;0;0;0;0;0;0;0;8;0;0;0;
Christie;5;0;0;0;0;0;0;0;0;0;0;0;
Karissa;8;8;0;0;7;6;7;0;0;0;6;6;
Aidan;0;0;0;0;0;6;6;0;0;0;0;0;
Heidi;13;13;11;10;11;15;17;24;17;17;15;15;
Eleanor;0;0;6;7;0;6;10;10;10;15;25;28;
Reet;0;0;0;0;0;0;0;5;7;11;12;9;
Frances;0;8;7;8;9;9;9;5;7;6;11;9;
Manveer;0;6;0;0;0;0;0;0;0;5;0;0;
Joyce;5;6;6;5;0;6;0;8;0;6;7;0;
Muskan;0;0;8;5;8;7;0;0;6;0;0;0;
Seerat;0;0;0;0;0;0;0;0;0;12;26;24;
Cynthia;9;14;10;12;10;11;14;11;7;10;15;11;
Aanya;0;0;0;0;0;0;0;0;0;7;0;5;
Manpreet;10;0;6;0;0;0;0;0;0;0;0;0;
Presley;0;0;0;0;5;22;15;14;17;19;21;16;
Yasmin;9;0;0;6;0;0;0;6;0;0;5;0;
Carley;0;0;6;0;0;0;0;0;0;0;0;0;
Madelaine;6;5;0;6;5;7;5;0;0;0;0;0;
Aida;0;0;0;0;0;5;0;0;0;0;0;0;
London;0;0;0;0;0;6;8;16;17;10;14;20;
Josie;9;8;5;6;5;0;0;7;9;11;13;7;
Charley;0;0;0;0;0;5;5;5;0;6;8;5;
Jayna;0;0;5;0;0;0;0;0;0;0;0;0;
Jayne;0;0;0;0;5;0;0;0;0;0;0;0;
Cora;0;6;0;5;9;5;11;9;16;15;27;21;
Yvonne;10;7;5;0;7;0;6;0;0;0;0;0;
Daphne;9;8;0;7;0;7;7;11;8;10;11;9;
Reanna;0;8;0;6;6;0;0;0;0;0;0;0;
Lea;7;0;0;8;0;11;0;7;0;0;5;0;
Cianna;0;0;0;0;0;0;8;0;0;0;6;0;
Kelsey;21;23;29;20;10;6;18;9;9;6;10;12;
Rowan;8;8;13;10;14;18;28;27;22;12;20;12;
Mischa;0;0;0;0;0;0;7;8;0;5;0;0;
Hunter;6;7;0;5;6;8;6;0;0;5;7;5;
Kiarra;0;0;0;7;0;0;0;0;0;0;0;0;
Alexandria;14;19;14;14;18;10;7;10;15;18;15;17;
Avneet;18;16;14;16;17;13;16;22;11;19;13;17;
Kassandra;9;10;9;8;0;0;0;0;7;0;0;6;
Constance;0;0;0;0;0;0;0;0;0;0;5;0;
Keira;10;0;16;53;66;66;73;79;63;57;57;42;
Lyra;0;0;0;0;0;0;0;5;0;0;0;7;
Elliot;0;0;0;0;0;0;0;0;5;0;0;5;
Makenna;14;23;20;29;35;25;29;17;24;18;22;25;
Acacia;0;6;9;0;6;0;0;5;5;0;0;5;
Christa;0;6;0;0;0;0;0;0;0;0;0;0;
Kiera;12;9;27;31;31;28;30;30;22;17;20;10;
Louisa;0;0;0;0;5;0;0;0;0;0;0;0;
Christy;6;0;0;0;0;0;0;0;0;0;0;0;
Camryn;27;23;20;19;19;24;14;24;15;13;11;8;
Dallas;0;5;0;7;0;0;0;0;0;0;0;0;
Shakira;0;7;0;0;0;0;0;0;0;0;0;0;
Sofie;0;0;0;7;0;6;5;8;0;8;6;6;
Jordana;8;6;0;0;0;5;0;0;0;0;0;0;
Sofia;24;26;39;47;52;57;55;61;67;64;69;63;
Manisha;5;9;0;0;0;0;0;0;0;0;0;0;
Samantha;154;126;107;114;130;112;89;99;71;74;64;63;
Arina;0;0;0;0;0;0;0;0;0;0;0;5;
Coral;0;0;8;5;0;5;0;0;6;0;5;0;
Laila;5;0;0;5;5;0;13;0;13;9;13;13;
Cassandra;45;40;41;23;26;28;25;25;18;12;18;12;
Lydia;6;10;17;14;13;16;14;20;13;16;19;24;
Lisa;15;13;11;12;7;9;0;6;12;9;13;0;
Brielle;6;5;5;16;10;11;12;20;25;18;42;34;
Vienna;0;0;7;9;8;8;6;18;20;24;30;26;
Kairi;0;0;0;0;0;0;0;0;0;5;0;0;
Amrit;9;14;12;8;12;7;6;0;0;10;9;7;
Adelyn;0;0;0;0;0;0;0;0;6;6;0;5;
Cara;8;0;7;6;0;8;5;17;17;9;17;10;
Kiana;21;15;21;26;25;23;27;24;18;19;22;14;
Anja;0;9;0;0;5;0;5;0;5;0;0;0;
Dorothy;0;7;0;6;0;0;0;0;7;0;0;0;
Darrah;0;0;0;7;0;0;0;0;0;0;0;0;
Tanisha;7;8;11;8;9;8;14;0;0;0;0;0;
Erin;54;48;50;34;27;38;23;23;13;16;21;7;
Arabella;0;0;0;0;0;0;0;0;13;6;15;14;
Shayla;27;17;13;15;11;22;17;15;13;12;8;7;
Maisie;0;0;0;0;0;0;8;5;0;5;0;0;
Yu;0;0;0;0;0;0;6;5;0;0;5;0;
Avleen;0;0;0;0;0;0;0;0;5;0;0;0;
Lexus;0;0;0;0;0;0;0;6;0;0;0;0;
Mckenzie;14;7;7;7;8;5;0;7;5;8;7;10;
Keanna;8;10;7;9;6;6;0;6;0;0;0;0;
Elissa;5;0;0;0;0;0;5;0;0;0;0;0;
Estelle;0;0;0;5;0;0;0;7;6;0;0;8;
Zo;0;0;0;0;18;16;13;21;13;24;25;18;
Karman;5;0;0;0;0;0;0;0;0;0;0;0;
Sehajaal;0;0;0;0;0;0;0;0;0;1;0;0;
Caleigh;0;5;7;0;0;0;0;0;5;0;8;0;
Karma;0;0;0;0;0;0;0;0;5;0;0;0;
Amber;51;44;27;45;39;31;21;26;40;22;14;19;
Gurleen;20;22;23;41;25;23;22;32;22;22;21;18;
Tessa;16;27;21;16;11;32;31;25;22;30;31;24;
Alivia;0;0;5;0;11;14;9;10;15;17;26;11;
Stacey;0;0;0;0;6;0;0;0;0;0;0;0;
Patience;0;0;0;5;0;0;0;5;7;0;0;0;
Monique;0;0;5;8;6;0;0;5;5;0;0;0;
Claudia;10;14;17;8;6;0;7;6;5;8;0;0;
Geet;0;0;0;0;0;0;0;0;7;0;0;0;
Kenna;0;0;0;0;0;0;0;5;0;0;0;0;
Shiloh;0;0;0;0;0;0;10;0;5;5;0;0;
Simar;0;0;0;6;0;0;0;0;0;8;8;0;
Kallie;0;0;5;0;0;0;0;0;0;6;5;0;
Ishika;8;0;0;0;0;0;0;0;0;0;0;0;
Rachael;20;7;16;9;10;15;17;7;11;6;0;0;
Payton;13;19;18;23;29;35;38;64;43;42;53;35;
Emmy;0;0;0;5;0;0;0;0;0;0;0;5;
Tara;21;17;7;10;14;8;7;9;10;10;0;6;
Ashlyn;6;6;0;14;20;11;28;12;27;16;12;14;
Cindy;15;14;14;11;12;12;7;0;0;0;0;5;
Delaney;12;14;9;12;8;6;6;0;8;0;6;6;
Stephanie;60;50;55;39;38;38;29;26;19;20;18;17;
Suhana;0;0;0;0;0;0;0;0;0;0;5;0;
Tianna;18;30;26;17;21;18;13;13;13;12;8;5;
Sapphire;0;0;0;0;0;0;0;0;0;5;0;0;
Emme;0;0;0;0;0;0;0;0;5;0;0;0;
Preet;0;0;5;0;0;0;7;0;0;0;0;0;
Emma;237;266;6;281;245;6;200;9;228;210;5;265;
Nicola;18;14;14;6;12;7;8;10;8;5;10;0;
Nancy;0;0;5;0;7;7;5;7;0;0;0;0;
Mya;33;35;53;51;35;51;63;63;64;67;70;59;
Zoey;10;13;13;12;13;17;24;31;40;36;47;83;
Petra;5;0;0;0;0;0;5;6;7;6;0;0;
Stella;14;12;17;17;25;20;36;35;54;54;65;72;
Lyric;0;0;6;0;0;0;0;0;0;12;0;5;
Abby;42;30;19;19;37;20;26;23;20;16;14;7;
Jodi;0;0;0;6;0;0;0;0;0;0;0;0;
Avary;0;0;0;0;0;0;0;0;5;0;0;0;
Keely;9;7;7;0;5;5;6;0;0;0;0;0;
Dilpreet;5;0;6;0;0;0;0;0;0;0;0;0;
Louise;0;0;6;0;6;5;0;0;6;0;0;0;
Charlene;0;7;5;5;7;6;0;0;0;5;0;8;
Myla;0;0;0;0;0;0;0;0;16;13;12;19;
Anika;18;21;24;31;29;23;19;18;21;27;12;17;
Payal;5;0;0;0;0;0;0;0;0;0;0;0;
Shae;10;7;8;7;0;0;0;0;0;0;0;6;
Tori;5;5;6;8;9;0;0;0;0;7;0;0;
Aliyah;9;16;16;18;12;14;16;12;19;19;26;17;
Nia;0;6;0;6;0;0;8;6;8;0;0;0;
Macy;6;10;6;11;9;13;0;7;7;13;12;13;
Gabriela;7;7;9;11;0;12;11;8;7;13;6;11;
Kaya;6;12;9;9;7;6;7;6;5;8;10;11;
Maci;0;0;0;0;0;0;0;0;0;6;10;12;
Jordis;0;0;0;0;0;7;0;0;0;0;0;0;
Ezra;0;0;0;0;0;0;5;0;0;0;0;0;
Mabel;0;0;0;5;0;0;0;0;0;0;0;8;
Jayden;26;23;25;8;15;12;11;15;12;9;9;10;
Katelynn;7;9;0;10;5;9;9;0;7;5;0;0;
Jada;27;20;23;28;35;34;25;21;17;19;14;10;
Maja;0;0;0;0;0;0;0;6;5;0;0;0;
Jade;46;55;48;49;51;47;28;29;31;35;39;28;
Naiya;0;0;0;0;0;0;0;0;6;0;0;5;
Lexie;0;0;0;0;0;0;6;5;7;12;8;7;
Janine;0;0;0;0;0;0;0;6;0;0;0;0;
Lilliana;0;0;0;0;0;0;0;0;0;0;0;6;
Tristan;0;7;6;0;0;0;0;0;0;0;0;0;
Harlow;0;0;0;0;0;0;0;0;14;8;5;17;
Jaskirat;0;0;0;0;5;0;0;0;0;0;6;0;
Serena;23;28;23;18;29;19;21;26;21;20;28;21;
Marina;10;11;10;15;16;11;6;10;9;11;7;14;
Taylor;136;125;125;94;86;97;90;118;96;74;64;70;
Alayna;0;5;0;7;0;5;0;6;7;10;0;6;
Simone;11;12;12;15;8;17;11;13;7;9;8;9;
Kayla;81;82;59;67;79;69;78;57;64;52;42;42;
Melina;6;8;0;7;0;0;9;0;12;5;8;0;
Brinley;0;0;0;0;0;0;0;0;0;0;0;5;
Penelope;0;0;0;5;8;5;0;5;14;17;20;28;
Paityn;0;0;0;0;0;0;0;6;6;5;5;0;
Janae;5;0;0;0;0;0;5;0;0;0;0;0;
Jasnoor;0;0;0;0;6;0;0;7;0;0;5;0;
Gabriella;21;19;24;30;24;28;41;41;40;41;37;30;
Keara;0;0;0;0;0;5;0;0;0;0;0;0;
Sydnie;5;0;0;0;0;0;0;0;0;0;0;0;
Julie;18;17;19;8;12;9;17;11;15;10;12;12;
Shaylene;0;5;0;0;0;0;0;0;0;0;0;0;
Julia;112;112;97;93;96;87;89;82;91;58;63;70;
Natasha;51;47;52;35;29;35;29;21;20;20;15;10;
Shawna;6;0;0;0;0;0;0;0;0;0;0;0;
Pippa;0;0;0;0;0;0;0;5;0;0;5;0;
Pyper;0;0;0;5;0;0;0;0;0;5;5;0;
Ellianna;0;0;0;0;0;0;0;0;0;0;0;7;
Tamanna;0;0;0;6;0;0;0;0;0;0;5;0;
Athena;12;12;10;9;12;13;15;12;11;15;16;26;
Keren;0;0;0;0;0;0;0;0;5;0;0;0;
Rowyn;0;0;0;0;0;0;6;0;0;0;0;0;
Jayme;0;5;0;0;0;0;0;0;5;0;5;0;
Sanjana;0;0;6;0;0;0;0;0;0;0;0;0;
Juliana;9;12;12;14;10;12;11;7;14;10;12;15;
Josephine;16;17;10;21;23;17;15;19;18;13;33;23;
Danica;17;15;15;20;23;46;44;29;41;24;25;15;
Miriam;7;6;8;0;0;6;12;0;10;7;7;0;
Miranda;26;25;26;22;21;19;12;11;10;6;9;13;
Maliya;0;0;0;0;0;0;0;0;0;0;5;0;
Kiley;0;0;0;0;0;5;6;5;0;0;0;0;
Catalina;0;0;0;0;5;0;0;0;0;0;0;0;
Mckenna;19;14;18;14;14;17;15;9;11;11;17;9;
Davina;0;0;0;0;6;0;0;0;0;0;0;0;
Gianna;0;5;0;0;8;11;8;9;5;0;17;11;
Arden;0;0;5;5;0;0;0;0;0;0;0;0;
Liliana;0;0;0;0;0;6;0;5;9;11;11;5;
Meghan;27;23;31;23;16;19;14;14;13;13;0;0;
Chantel;13;9;10;6;6;0;0;5;7;0;0;0;
Shivani;0;0;0;0;0;0;5;0;0;0;0;0;
Seerit;0;0;0;0;0;0;0;0;0;0;5;0;
Celina;11;10;7;5;7;6;5;8;0;6;11;0;
Carina;5;0;0;6;7;5;0;0;9;8;0;7;
Journey;0;0;0;0;0;0;0;5;5;6;0;6;
Maisy;0;0;0;0;0;0;0;0;0;0;5;0;
Kristine;6;9;7;0;0;0;0;0;0;0;0;0;
Rayna;0;0;0;7;0;8;6;9;5;8;0;5;
Kailee;6;0;7;0;0;0;0;5;5;0;0;0;
Kristina;12;17;8;9;9;10;10;7;8;0;0;0;
Karina;0;11;10;7;10;9;13;12;7;16;7;14;
Colleen;5;5;0;0;0;0;0;0;0;0;0;0;
Aoife;0;0;0;0;0;0;0;0;0;5;0;0;
Raelyn;0;0;0;0;0;0;0;0;0;0;5;5;
Angie;0;5;0;0;0;0;0;5;0;0;0;5;
Ally;7;0;0;5;0;6;0;0;0;0;0;0;
Ariah;0;0;0;0;0;0;0;0;0;0;0;5;
Jasmine;89;81;70;80;66;59;55;65;51;51;44;39;
Roxanna;0;0;5;0;0;0;0;0;0;0;0;0;
Amira;0;0;0;6;6;10;10;11;16;7;13;18;
Roxanne;0;0;0;0;0;0;0;0;6;0;0;0;
Ivy;19;7;14;20;24;15;15;20;13;24;31;43;
Reyna;0;0;0;0;0;0;0;0;5;0;0;0;
Cassidy;65;54;44;44;29;28;26;27;22;28;18;17;
Mariana;0;0;0;0;0;6;0;5;0;0;0;0;
Jewel;11;0;6;8;0;6;0;6;0;0;0;10;
Alex;0;0;5;5;6;5;0;0;5;0;0;0;
Anya;9;8;15;13;8;12;6;19;15;12;19;18;
Londyn;0;0;0;0;0;0;0;0;0;5;5;6;
Charlee;0;0;0;5;0;0;10;8;5;12;8;10;
Linnea;0;8;0;0;0;0;5;0;6;0;0;0;
Felicia;12;0;5;0;7;7;7;7;9;5;6;0;
Victoria;73;64;58;64;49;54;57;51;55;49;68;74;
Laurel;6;0;0;5;8;0;0;0;0;0;0;6;
Clare;5;8;9;9;7;10;7;7;8;0;6;8;
Ruby;15;22;15;23;30;41;49;36;46;38;40;42;
Myah;5;8;6;9;5;0;15;7;14;0;8;8;
Delilah;0;0;0;0;0;0;0;12;7;8;14;14;
Iris;10;8;11;9;9;12;13;14;16;13;11;16;
Kirandeep;0;0;0;6;0;0;0;0;0;0;0;0;
Elizabeth;92;88;100;70;89;79;87;102;98;66;97;84;
Kassidy;9;13;10;11;8;6;8;10;5;8;5;0;
Karen;21;16;17;18;10;10;11;5;5;6;0;7;
Sukhleen;0;0;0;5;5;0;0;0;0;0;0;0;
Ingrid;6;0;0;0;0;0;0;0;0;0;0;0;
Dasha;0;0;0;0;0;0;0;0;0;0;5;0;
Jasleen;23;22;17;24;28;29;19;16;24;0;10;18;
Annie;15;23;12;12;8;17;11;11;15;13;14;18;
Payten;0;0;0;0;0;0;0;0;0;6;0;0;
Daya;0;0;0;0;0;0;5;0;0;0;0;0;
Karla;0;0;6;0;0;0;0;0;0;0;0;0;
Kasey;6;0;0;0;0;5;0;0;5;0;0;0;
Meadow;0;0;0;0;6;0;11;7;8;7;6;6;
Tamara;16;17;20;23;11;8;10;8;0;7;9;8;
Kenzie;0;7;0;0;0;9;9;14;9;21;21;27;
Eisha;0;7;0;0;0;0;0;0;0;0;0;0;
Mckayla;0;0;6;0;0;5;0;0;0;0;0;0;
Bree;0;0;0;5;0;8;5;0;0;0;5;8;
April;16;14;10;13;9;14;7;9;13;5;13;12;
Katia;0;0;0;0;0;0;0;0;0;0;5;0;
Jenna;110;93;87;64;68;70;48;28;29;34;19;13;
Katie;32;23;34;28;39;50;35;33;34;26;18;22;
Shaylee;0;5;0;0;0;5;0;5;0;0;0;0;
Tia;20;16;13;19;17;17;16;9;10;10;9;12;
Anita;9;5;9;0;8;0;5;7;6;0;6;0;
Danae;9;0;0;5;6;7;0;0;0;0;0;0;
Lara;10;8;6;5;7;12;9;7;7;7;8;0;
Sahara;0;5;5;0;5;8;7;0;7;5;7;5;
Jemma;0;0;0;6;6;8;0;0;6;0;8;6;
Sabrina;35;32;31;26;19;21;17;31;7;16;13;11;
Jenny;13;22;11;10;12;11;11;8;11;8;8;8;
Nadine;5;7;6;6;5;5;7;0;0;0;0;5;
Cassia;0;0;5;0;0;0;0;0;0;0;5;0;
Cassie;0;5;5;0;7;0;0;6;0;7;6;7;
Aileen;5;0;0;0;0;0;0;0;0;0;0;0;
Katrina;35;32;24;38;29;20;18;12;16;7;13;9;
Rachel;125;106;126;102;90;77;76;47;56;41;40;35;
Milla;0;0;0;0;0;0;5;0;10;5;0;7;
Lorelei;0;0;0;0;0;0;0;0;0;0;0;7;
Avril;0;0;6;0;0;0;8;0;0;0;0;0;
Sabina;0;0;0;0;0;8;0;6;0;0;0;0;
Eunice;0;8;5;0;5;0;0;0;0;0;0;0;
Sabine;0;5;0;0;0;6;5;0;0;0;0;0;
Rhys;0;0;0;0;0;0;0;6;6;0;0;0;
Esther;11;10;13;17;19;13;12;14;11;12;12;11;
Cienna;0;0;0;0;0;0;6;0;0;0;0;5;
Jesse;6;0;5;6;0;7;0;0;6;0;0;0;
Sahana;0;0;0;0;0;0;0;0;0;6;6;6;
Jolene;5;0;0;5;5;5;0;0;0;5;7;6;
Dominique;12;6;0;6;5;0;0;0;0;0;0;0;
Georgina;0;0;5;0;0;0;0;5;0;6;8;0;
Sakura;0;0;0;0;6;0;0;0;0;0;0;0;
Rachelle;6;7;7;0;6;0;0;0;0;0;0;0;
Miley;0;0;0;0;0;0;0;14;6;6;5;5;
Calleigh;0;0;0;0;0;0;9;0;9;0;5;0;
Bernice;8;0;6;0;0;7;7;10;6;5;5;0;
Gemma;0;10;10;6;13;13;7;15;15;22;22;19;
Moriah;5;0;0;0;0;0;0;0;0;0;0;0;
Maia;14;16;16;19;14;20;23;17;31;17;10;12;
Anica;0;0;0;0;0;0;0;0;0;5;0;0;
Aimee;14;7;15;8;10;5;0;9;9;7;7;7;
Ryan;0;5;0;6;0;5;10;7;5;0;0;5;
Khushi;0;0;8;0;0;5;0;0;0;0;0;0;
Marion;0;0;0;0;0;0;0;0;0;0;0;5;
Cloe;0;0;0;6;0;0;5;0;6;0;0;0;
Thea;11;5;8;16;0;8;13;0;12;8;12;10;
Jolie;0;0;5;6;0;5;5;0;9;5;0;0;
Evelynn;0;0;0;0;0;0;0;0;0;0;0;6;
Cadence;0;5;10;35;18;21;30;28;17;16;23;15;
Bryn;0;5;5;0;6;7;5;0;0;0;8;10;
Cayleigh;0;0;0;0;0;0;0;0;0;0;7;0;
Kaitlyn;94;86;84;68;81;82;86;76;83;73;50;50;
Astrid;6;0;0;0;5;0;0;0;0;0;0;0;
Alyson;7;0;6;7;0;0;0;0;0;0;0;0;
Zoie;0;0;0;0;0;0;0;0;0;6;0;5;
Cheyanne;7;0;0;7;7;9;7;0;0;6;5;0;
Judy;0;0;0;0;5;0;6;0;0;0;0;0;
Alysha;16;20;14;14;7;9;6;0;5;0;0;6;
Andrea;27;26;23;22;28;12;19;17;20;13;13;13;
Caris;0;0;0;0;0;0;0;0;6;0;0;0;
Harper;0;0;0;0;0;0;0;0;13;10;22;36;
Milena;0;0;0;0;0;0;0;0;0;0;0;7;
Jordan;47;54;52;57;36;20;37;29;13;13;14;17;
Marley;5;5;0;8;9;12;15;23;15;20;13;18;
Leyla;0;0;0;0;0;0;0;0;0;0;6;0;
Aurora;8;13;14;17;19;23;24;16;27;36;34;31;
Manmeet;5;0;6;5;0;0;0;5;0;0;6;0;
Ashanti;0;0;0;5;0;0;0;0;0;0;0;0;
Donya;0;0;0;0;0;5;0;0;0;0;0;0;
Mackenzie;115;99;90;90;80;77;75;61;62;68;62;64;
Flora;9;7;6;6;0;0;0;7;5;0;0;0;
Harmony;7;13;10;9;13;7;5;7;15;9;10;13;
Amisha;6;0;0;5;0;0;0;0;5;0;0;0;
Jazlyn;0;0;0;0;0;0;0;0;0;0;0;6;
Portia;0;0;0;6;0;0;5;0;6;0;7;0;
Isabela;0;0;5;6;6;0;0;5;0;0;0;0;
Kayley;11;6;6;0;8;6;5;6;5;5;0;0;
Emilee;5;0;0;0;6;0;5;0;0;0;0;7;
Shanelle;0;5;0;0;0;0;0;0;0;0;0;0;
Ainsley;9;11;13;10;7;14;14;14;17;22;17;19;
Caydence;0;0;0;0;0;0;8;0;0;0;0;0;
Cierra;0;6;10;8;6;5;6;8;0;0;0;5;
Savana;0;0;0;0;0;5;0;0;5;0;0;0;
Isabell;0;0;0;0;0;0;0;0;5;0;0;0;
Mercedes;10;12;9;12;16;12;8;12;9;6;0;5;
Braelyn;0;0;0;0;0;0;0;0;0;5;0;0;
Kaylen;0;0;0;0;0;6;0;0;5;0;0;0;
Manjot;11;10;0;7;0;0;0;0;0;0;0;0;
Tanya;11;8;5;9;6;14;0;0;0;5;0;0;
Jordynn;0;0;0;0;0;0;0;0;0;5;0;0;
Kaylee;27;34;34;20;45;37;53;42;50;43;36;41;
Malaika;0;0;0;0;0;0;0;5;0;5;0;0;
Ariya;0;0;0;0;0;0;0;0;0;5;0;15;
Rosemary;5;6;0;5;0;0;0;0;0;0;5;0;
Alma;0;0;0;0;0;0;0;0;0;0;0;8;
Danika;18;27;14;19;22;32;24;30;34;30;11;20;
Gwyneth;0;0;0;0;0;0;0;0;6;5;8;0;
Macey;0;0;0;0;0;0;7;9;8;12;0;0;
Pearl;0;0;0;0;0;5;0;7;0;0;0;9;
Cailin;56;0;0;0;0;0;0;0;0;0;0;0;
Keisha;0;8;6;10;5;8;0;0;0;0;0;0;
Kinsley;0;0;0;0;0;0;0;0;5;11;10;12;
Elena;12;17;7;16;11;19;13;10;24;21;23;21;
Eloise;0;0;0;0;0;0;0;0;0;7;13;25;
Eleni;0;0;5;0;0;0;0;0;0;6;0;0;
Teegan;0;0;0;0;0;5;0;0;0;0;0;0;
Nova;0;0;0;0;0;0;7;7;11;14;11;20;
Kadence;0;0;0;10;10;14;9;7;5;6;6;10;
Charlize;7;7;0;14;5;8;0;8;0;7;5;7;
Abbigail;0;0;7;0;0;6;6;9;6;10;7;8;
Mila;11;9;5;6;11;16;18;25;17;35;69;71;
Brenna;12;11;11;12;7;8;9;7;0;10;7;0;
Cameron;10;0;8;0;7;5;9;10;6;6;0;0;
Naomi;41;21;34;33;49;34;40;43;37;61;53;31;
Cate;0;0;5;0;0;0;0;6;0;0;0;0;
Alannah;5;0;0;0;0;0;0;0;0;0;0;0;
Raquel;8;0;5;7;0;0;0;0;5;0;0;0;
Kennedy;28;26;27;29;20;25;34;25;32;19;20;25;
Angelina;42;42;39;32;53;41;41;35;31;15;19;22;
Angeline;0;7;0;0;5;0;0;5;0;0;6;5;
Hanna;26;34;32;18;19;22;19;22;20;12;22;27;
Aneet;0;0;0;0;0;0;0;0;0;6;0;0;
Ophelia;0;0;0;0;0;0;0;0;0;5;0;8;
Justine;17;10;18;8;8;7;11;6;7;5;6;0;
Cheyenne;18;14;14;16;17;18;14;19;0;5;11;0;
Elina;0;0;0;0;6;0;9;0;0;6;5;9;
Sally;0;6;6;0;5;0;0;0;0;5;0;0;
Shayna;11;6;6;10;8;0;0;0;0;0;0;0;
Kathy;6;5;0;0;6;0;6;0;0;0;0;0;
Helena;12;8;8;13;6;15;16;16;15;8;13;9;
Kiran;11;0;10;9;5;6;8;0;0;0;5;0;
Ashlynn;0;0;0;0;5;7;6;10;5;11;11;10;
Katelin;7;0;0;0;0;0;0;0;0;0;0;0;
Kimberley;7;6;0;5;7;0;0;0;0;0;0;0;
Aaliyah;13;16;23;20;26;17;19;24;23;16;19;19;
Nylah;0;0;0;0;0;0;0;0;0;0;7;0;
Shannon;20;12;11;16;12;8;8;7;6;7;0;0;
Kelly;27;26;22;26;35;19;10;19;11;9;9;11;
Angelique;0;0;5;0;0;0;0;0;0;0;0;0;
Mikayla;42;31;35;28;36;33;33;31;40;36;31;37;
Kyla;35;30;40;37;26;34;20;21;19;23;14;13;
Abigale;0;0;0;0;5;0;0;5;0;0;0;0;
Breanne;12;7;6;10;5;8;0;0;0;0;0;0;
Toni;6;0;0;0;0;0;0;0;0;0;0;0;
Carolyn;11;7;0;5;6;0;0;0;0;0;0;0;
Manreet;5;5;0;5;0;0;7;0;12;14;13;16;
Amina;5;0;0;0;0;0;0;0;6;0;0;0;
Hana;18;18;18;16;10;12;10;23;16;19;8;12;
Thalia;8;0;0;0;5;0;5;0;0;0;0;0;
Sarah;214;211;173;162;160;170;150;124;116;89;74;87;
Alanna;9;0;8;6;0;12;5;5;0;9;0;7;
Jessie;22;20;19;18;15;9;10;12;5;12;12;9;
Hailie;0;0;5;0;5;5;0;0;0;0;0;0;
Marisa;10;6;15;12;6;7;0;9;5;5;8;0;
Carissa;12;7;9;6;0;0;5;5;0;5;0;0;
Gurveen;0;0;0;0;0;0;0;0;0;8;0;0;
Kaydence;0;0;0;9;9;13;18;8;15;14;10;15;
Yuna;0;0;0;0;0;0;0;5;6;8;7;0;
Antonia;0;0;0;6;0;0;0;0;0;0;0;0;
Kara;17;14;18;9;18;12;24;25;27;21;16;15;
Asia;11;12;8;10;8;11;9;7;5;8;0;0;
Bria;6;0;0;0;0;0;0;0;0;0;6;6;
Kaela;0;0;0;0;5;0;0;6;0;5;0;0;
Eryn;5;0;0;5;5;0;0;5;0;0;0;0;
Am;0;0;0;0;8;6;8;5;9;10;9;5;
Lena;9;6;7;6;6;0;7;9;9;11;17;14;
Piper;15;14;11;15;13;19;22;27;30;27;28;37;
Beatrice;0;5;0;0;7;0;0;7;8;10;6;11;
Japreet;0;0;0;0;0;0;0;0;0;6;0;0;
Shyanne;7;0;0;0;5;0;10;11;0;6;0;5;
Kristen;20;17;11;12;11;6;8;5;9;5;9;9;
Havana;0;0;0;0;0;0;0;0;0;0;5;0;
Joan;5;0;0;0;0;0;0;0;0;0;0;0;
Virginia;5;6;0;5;0;0;0;0;0;0;0;5;
Sloane;0;0;0;0;0;0;0;0;8;12;14;15;
Chantelle;10;12;9;14;7;8;6;7;0;0;5;0;
Connie;0;0;6;0;0;0;0;0;0;0;0;6;
Callie;9;0;5;9;10;11;15;17;17;18;22;23;
Britney;12;9;0;7;0;0;0;0;0;0;0;0;
Irelyn;0;0;0;0;0;0;0;5;0;0;0;0;
Juno;0;0;0;0;0;0;0;5;0;5;0;7;
Nathalie;0;0;0;0;5;0;5;0;0;0;0;0;
Alicia;29;46;31;28;22;21;21;19;24;12;20;21;
Winnie;6;7;0;0;0;0;0;0;0;0;0;5;
Amanpreet;0;5;0;0;0;0;0;0;0;0;0;0;
Phoenix;0;6;9;10;9;6;9;16;23;9;14;6;
Kylie;23;39;51;40;40;35;39;43;31;30;23;36;
Violette;0;0;0;0;0;0;0;0;0;0;5;0;
Japji;0;0;0;0;0;0;6;8;0;5;16;6;
Jenaya;0;5;0;6;0;0;0;5;0;5;0;0;
Kaylyn;0;0;0;5;0;0;5;0;0;5;0;0;
Rebecca;81;57;60;46;50;58;39;42;45;28;33;29;
Trista;0;0;9;0;5;6;0;0;0;0;0;0;
Jersey;0;0;0;0;0;0;0;8;0;0;7;0;
Rylie;0;0;5;5;10;7;7;8;6;7;8;13;
Mara;0;0;7;0;8;8;0;5;0;6;0;0;
Makena;12;12;10;12;10;12;13;13;19;11;10;14;
Claire;55;56;56;55;56;62;88;79;97;88;84;88;
Claira;0;0;0;0;0;0;0;0;0;0;0;5;
Allie;0;0;5;5;7;5;8;5;6;13;12;11;
Janaya;0;0;0;0;5;0;0;0;0;0;0;0;
Abbie;7;0;6;5;0;0;0;6;0;0;0;0;
Kaia;7;20;13;16;9;8;18;15;15;18;25;16;
Santana;0;0;0;0;5;0;0;0;0;0;0;0;
Melia;0;0;0;0;0;0;0;0;8;0;0;0;
Emersyn;0;0;0;0;0;0;6;0;0;5;0;6;
Dahlia;0;0;0;0;0;0;0;8;5;5;10;0;
Destinee;6;0;0;0;0;0;0;0;0;0;0;0;
Raina;0;6;6;0;0;0;7;6;11;9;14;14;
Olive;0;0;0;0;0;0;0;15;11;17;23;15;
Jadyn;9;12;11;0;8;6;11;6;5;0;0;0;
Raine;0;0;0;0;0;0;0;0;5;0;0;7;
Susan;0;6;5;0;0;0;0;0;0;0;0;0;
Emerson;0;0;8;0;11;9;12;11;7;10;6;10;
Gwendolyn;0;0;5;0;5;0;0;0;6;8;5;8;
Charisse;0;0;0;0;0;0;0;0;5;0;0;0;
Teanna;0;0;0;0;5;0;0;0;0;0;0;0;
Madeline;43;41;48;35;44;31;27;48;37;30;34;46;
Malika;0;5;0;5;0;0;0;0;0;0;0;0;
Linda;11;7;0;8;5;0;5;0;5;0;0;0;
Micaela;5;0;0;0;0;0;0;0;0;0;0;0;
Ember;0;0;0;5;0;0;0;0;8;7;9;9;
Kinley;0;0;0;0;0;0;0;0;0;9;14;14;
Imogen;0;0;0;0;0;0;0;7;0;6;8;7;
Brianna;76;58;52;43;54;43;47;37;34;24;32;23;
Marilyn;0;0;0;0;0;0;0;5;0;0;0;0;
Georgia;45;59;32;32;45;57;61;45;32;47;57;48;
Leia;0;0;0;0;0;0;9;0;6;0;0;0;
Blake;0;0;0;0;0;0;0;0;0;0;6;10;
Kiara;26;21;37;25;20;22;23;22;28;19;10;16;
Amanat;0;0;0;0;0;0;0;9;7;10;0;8;
Kaelyn;0;0;9;0;14;13;13;15;11;0;9;8;
Lina;0;6;0;5;5;0;0;7;12;6;9;0;
Esm;0;0;0;0;0;0;0;5;8;5;5;8;
Bonnie;0;0;0;0;0;7;0;0;0;0;5;5;
Eliana;0;8;0;0;10;9;10;13;15;11;19;12;
Audrey;9;25;22;25;29;38;49;49;51;66;66;92;
Kaleigh;0;5;8;11;5;6;5;0;5;9;7;0;
Jayda;9;11;15;17;13;10;15;25;21;15;14;15;
Allegra;0;0;0;0;0;0;0;0;0;0;0;6;
Isla;0;5;0;6;7;14;22;52;58;85;83;111;
Jayde;0;5;5;0;7;0;0;0;8;9;10;0;
Faith;41;45;53;39;50;41;31;39;43;27;29;41;
Aliza;0;0;0;7;0;0;0;6;5;0;0;0;
Elly;0;0;5;0;0;0;0;0;0;0;0;6;
Andie;0;0;0;0;0;0;0;0;0;0;5;0;
Beth;0;0;0;0;0;0;0;5;0;0;0;0;
Lainey;0;0;0;0;0;0;0;0;0;5;5;0;
Hallie;0;6;0;7;0;0;0;0;5;0;0;0;
Shyla;7;9;0;0;0;6;10;9;6;7;7;0;
Malaya;0;5;0;0;0;5;0;5;0;5;0;0;
Trisha;0;0;8;0;0;0;5;0;0;0;0;0;
Millie;0;0;0;0;0;0;0;0;0;0;0;6;
Shania;6;0;10;0;7;5;0;6;8;0;0;5;
Adia;0;0;0;0;0;0;0;0;0;0;5;0;
Madysen;0;5;0;0;0;0;0;0;0;0;0;0;
Celia;6;0;6;0;0;0;0;7;0;0;0;0;
Ella;38;71;123;153;151;155;179;139;145;210;146;175;
Annelise;0;0;0;0;0;5;0;0;0;0;0;0;
Elle;0;6;8;6;7;14;6;8;12;15;12;13;
Elisha;7;6;0;10;8;0;7;0;8;5;7;12;
Rylan;0;0;0;0;0;0;0;7;6;8;5;0;
Baylee;0;0;0;0;0;0;0;0;0;0;7;0;
River;0;0;0;0;0;0;0;13;5;7;9;14;
Desiree;12;14;16;8;7;5;8;7;7;0;0;0;
Aila;0;0;0;0;0;0;0;0;8;0;0;6;
Margaret;20;21;15;9;8;19;13;19;12;13;14;12;
Dani;0;0;0;0;0;0;0;0;5;0;0;0;
Dana;10;5;11;8;17;0;6;5;5;7;8;0;
Camila;0;0;5;0;0;0;0;7;8;9;7;13;
Avaya;0;0;0;0;0;0;0;0;0;0;0;6;
Maegan;0;0;0;0;0;0;0;5;0;0;0;0;
Chelsey;5;0;7;5;0;6;0;5;0;6;0;0;
Sky;0;0;5;0;5;0;0;0;0;0;0;0;
Catherine;42;28;25;25;21;28;23;20;17;19;24;19;
Ginger;0;0;0;0;8;0;0;5;0;7;0;0;
Keerat;0;0;0;0;0;0;5;5;7;6;6;7;
Ashley;135;120;128;101;80;82;64;64;40;31;43;31;
Nora;6;7;0;6;11;10;9;12;19;10;23;27;
Ashlee;9;13;12;0;6;0;8;6;0;0;0;0;
Krystal;0;0;11;0;0;0;0;5;0;0;0;0;
Maelle;0;0;0;0;0;0;0;0;0;20;11;0;
Aniya;0;0;0;0;0;0;0;5;0;0;0;0;
Ayesha;0;6;0;9;8;0;5;0;0;0;0;0;
Adison;0;0;0;0;0;0;0;7;0;0;0;0;
Caylee;0;0;0;0;0;0;0;0;9;0;0;5;
Ekam;0;0;0;0;0;0;0;0;0;6;7;0;
Nyah;7;8;6;9;8;0;6;10;12;7;5;12;
Ryleigh;0;0;0;6;0;7;8;9;10;8;11;6;
Raven;7;6;8;10;8;7;5;0;5;0;0;6;
Iyla;0;0;0;0;0;0;0;0;10;0;0;6;
Viola;0;0;0;0;0;0;0;0;0;6;0;0;
Carrie;7;6;0;5;0;5;8;7;0;6;0;0;
Mei;0;0;0;0;0;0;0;6;0;0;0;0;
Saraya;0;0;0;0;0;0;0;0;0;5;0;0;
Finley;0;0;0;0;0;0;0;0;5;0;5;9;
Marwa;0;0;0;0;0;0;0;0;0;0;0;6;
Mandy;6;9;10;0;0;0;0;0;0;5;0;0;
Anmol;0;13;7;9;6;5;7;6;0;0;0;5;
Kenya;0;5;0;6;0;5;0;0;0;0;0;0;
Reagan;0;0;7;0;0;0;0;0;0;5;0;6;
Shea;5;6;6;0;6;0;0;0;0;0;0;0;
Cedar;0;0;0;0;0;0;0;5;0;0;0;6;
Wynter;0;0;0;0;0;0;0;0;0;6;0;0;
Robin;8;0;0;11;0;6;0;0;0;5;0;0;
Gwenyth;0;0;0;0;5;5;0;0;0;0;0;0;
June;0;0;0;0;0;0;0;0;7;11;0;7;
Dakota;10;20;13;15;23;17;23;14;15;13;8;0;
Keona;5;0;0;0;0;0;0;0;0;0;0;0;
Sasha;17;16;20;15;18;23;29;16;20;18;22;13;
Tracy;0;10;5;5;5;8;0;0;0;0;0;0;
Callista;0;5;0;0;0;0;0;0;0;0;0;0;
Kaede;0;0;0;0;0;6;0;0;0;0;0;0;
Kathleen;14;16;16;14;15;9;9;6;0;5;6;5;
Asha;0;6;5;8;10;8;9;10;6;9;12;14;
Hafsa;0;0;0;0;0;0;0;0;0;0;5;0;
Carmen;22;23;26;22;18;14;16;12;16;12;6;9;
Ashlin;0;0;0;0;0;0;0;6;0;0;0;0;
Mika;6;7;11;9;7;8;8;5;5;9;16;7;
Teagan;14;7;23;16;16;28;26;20;27;21;34;19;
Layla;6;6;8;14;16;20;21;35;44;39;37;42;
Micah;0;0;0;0;6;6;5;0;5;0;7;7;
Blayke;0;0;0;0;0;0;0;0;0;0;0;5;
Kyra;35;41;28;34;25;28;25;19;16;10;6;11;
Janet;7;7;0;6;0;0;0;0;0;0;0;0;
Catriona;0;5;0;5;0;0;0;0;0;0;0;0;
Clara;17;16;14;15;10;27;26;24;21;37;44;52;
Sonia;6;9;10;7;5;9;0;7;11;8;8;0;
Luciana;0;0;0;0;0;0;0;0;0;0;5;0;
Naseeb;0;0;0;0;0;0;6;0;0;0;0;0;
Avelyn;0;0;0;0;0;0;0;0;0;0;6;0;
Jane;11;20;8;14;14;14;9;11;12;18;15;18;
Jana;0;0;0;0;0;0;6;0;0;7;5;9;
Ivana;0;0;0;0;0;0;0;0;0;0;5;0;
Kirat;0;0;0;0;0;0;0;0;0;6;6;0;
Sydnee;0;0;8;0;0;0;0;0;0;0;0;0;
Evie;0;0;0;0;0;0;0;0;7;0;9;9;
Johanna;8;0;0;6;6;0;6;6;0;5;5;7;
Caitlyn;24;24;34;28;23;28;27;29;20;15;10;16;
Ayana;0;0;0;0;0;0;0;0;0;0;0;5;
Capri;0;0;0;0;0;0;0;0;0;0;7;7;
Alyssa;92;105;83;91;83;67;71;77;63;62;51;40;
Sydney;106;108;104;78;88;70;73;62;77;76;51;39;
Charli;0;0;0;0;0;5;0;0;0;0;0;6;
Zainab;0;0;0;0;5;7;0;0;5;0;0;0;
Janessa;6;5;8;0;6;0;6;0;0;5;0;0;
Jillian;22;15;24;18;9;12;17;14;20;17;12;14;
Katerina;7;5;5;7;7;8;0;0;6;5;5;0;
Aikam;0;0;0;0;0;0;0;5;7;7;9;0;
Sarina;0;0;5;6;0;6;7;8;8;7;0;0;
Rihanna;0;0;0;0;0;7;5;9;5;0;0;5;
Ciara;13;10;9;0;21;30;20;21;0;18;14;10;
Gurnoor;0;0;5;0;0;10;8;14;14;8;14;14;
Marlowe;0;0;0;0;0;0;0;0;0;0;0;5;
Noor;0;7;6;0;0;7;0;5;5;9;5;0;
Selena;12;26;15;14;14;14;9;17;18;14;12;16;
Ada;0;0;0;0;7;0;8;9;8;0;10;12;
Kiah;0;0;0;0;0;5;0;0;0;0;0;0;
Jaymie;6;0;6;0;0;0;0;0;0;0;0;0;
Jessa;0;5;0;0;0;8;0;0;7;5;0;5;
Maryn;0;0;0;0;0;0;7;0;0;0;0;0;
Jasmeet;0;0;0;7;0;0;10;0;10;6;0;5;
Anjali;0;8;0;0;5;0;5;0;0;0;0;0;
Siera;0;0;0;0;0;0;5;0;0;0;0;0;
Maggie;19;18;18;21;15;13;21;22;19;21;17;10;
Aliya;8;6;5;8;10;10;12;11;12;13;18;12;
Elyse;0;0;5;10;8;9;11;8;10;6;8;8;
Madyson;10;7;10;0;6;7;10;7;5;5;0;0;
Krista;9;9;9;7;0;7;5;5;7;0;0;0;
Yasmine;0;0;0;5;0;0;0;5;0;0;0;0;
Keeley;0;0;0;0;0;7;5;0;0;0;0;0;
Izabel;0;0;0;0;0;0;0;0;0;5;0;0;
Kristy;6;7;6;5;0;0;0;0;0;0;0;0;
Leah;30;20;34;39;41;33;35;52;58;51;41;67;
Puneet;10;12;9;16;10;19;8;13;8;15;0;5;
Jasmeen;14;12;12;11;11;7;6;8;7;5;0;0;
Savannah;40;29;27;40;27;40;37;47;35;37;33;24;
Lynden;0;0;0;0;0;0;0;0;5;6;0;0;
Summer;17;12;18;31;45;38;30;47;30;54;31;40;
Libby;0;0;0;0;0;5;0;5;0;0;0;0;
Fern;0;0;0;0;0;0;0;0;0;0;6;0;
Ali;0;0;0;0;0;0;6;0;0;6;0;7;
Rhiannon;8;0;12;14;12;7;5;9;0;0;0;0;
Esha;6;20;7;10;8;6;8;9;0;5;0;0;
Lilia;0;0;0;0;0;0;0;0;5;6;0;0;
T;0;0;0;0;6;0;0;0;0;0;0;0;
Kyanna;0;0;0;0;0;5;0;0;0;0;0;0;
Aislynn;0;0;0;0;0;0;0;0;0;0;5;0;
Kamryn;7;14;9;11;9;8;14;7;11;10;12;0;
Harleen;25;20;15;34;18;27;21;28;25;26;20;21;
Aubrey;7;0;0;5;0;10;15;16;18;23;24;39;
Lucille;0;0;0;0;5;0;0;6;0;0;7;0;
Harsimran;0;6;0;0;0;0;0;6;8;0;7;5;
Arianna;11;20;20;17;30;25;38;31;41;39;49;56;
Lexi;0;0;6;5;7;6;11;14;10;18;16;26;
Alessia;0;0;0;0;0;0;0;5;0;5;5;0;
Elora;0;0;0;0;0;0;0;0;0;5;0;0;
Aubree;0;0;0;0;0;0;0;0;0;5;17;15;
Mallory;6;5;0;8;0;0;0;0;0;0;5;6;
Maryam;5;0;5;0;6;11;8;6;9;17;5;16;
Liv;0;0;0;0;0;0;0;6;7;0;6;5;
Chelsea;32;31;31;31;30;20;25;16;0;30;24;19;
Faye;0;0;5;0;5;0;0;6;0;5;0;0;
Zoya;0;0;0;0;0;0;7;0;0;0;9;9;
Saya;0;0;0;0;0;0;0;0;0;5;0;0;
Lia;0;0;0;8;0;9;11;7;9;5;11;14;
Norah;0;0;0;0;10;6;10;10;7;14;23;22;
Guneet;0;0;0;0;6;0;6;0;7;10;9;10;
Drew;0;0;5;7;0;0;6;0;0;6;0;5;
Senna;0;0;0;0;0;0;0;0;5;0;0;0;
Simrat;0;6;0;5;0;0;0;6;10;5;0;0;
Paige;75;116;116;107;81;67;64;76;77;56;58;60;
Henna;0;0;0;0;0;0;0;0;5;0;0;0;
Adria;0;0;0;0;5;0;0;0;0;5;0;0;
Selina;0;6;9;10;12;11;13;14;15;9;10;9;
Siya;0;0;0;0;0;0;0;5;0;0;0;0;
Skylar;8;8;12;10;13;6;21;10;11;12;11;19;
Eknoor;0;0;0;0;0;5;0;0;0;0;6;5;
Muskaan;0;0;12;12;12;9;9;12;8;6;0;0;
Briar;0;0;0;0;0;0;0;0;7;0;0;7;
Zahra;0;7;0;0;5;8;11;11;13;10;8;7;
Elise;15;28;27;23;18;32;22;15;21;28;34;39;
Elisa;5;6;8;0;6;0;9;6;6;5;0;0;
Mariam;0;0;7;5;0;0;6;0;8;8;0;7;
Maren;0;0;0;0;6;0;7;0;5;0;0;0;
Meredith;0;0;0;0;0;0;0;6;0;0;0;0;
Scotia;0;0;0;0;5;0;5;0;6;0;0;0;
Neve;0;0;0;5;0;5;6;0;0;0;8;6;
Adalynn;0;0;0;0;0;0;0;0;0;0;0;7;
Miracle;0;0;0;0;0;0;5;0;0;0;0;0;
Jayla;0;0;0;0;5;10;9;11;9;9;7;5;
India;0;0;0;0;5;0;9;0;0;0;7;0;
Diya;0;0;6;12;11;14;12;12;9;14;5;12;
Ireland;5;6;10;7;7;6;8;6;5;0;0;0;
