Kalia;0;0;0;0;0;0;0;0;0;0;8;6;11.5660940209;
Kaede;0;0;0;0;0;6;0;0;0;0;0;0;1.33621937984;
Brooke;63;54;70;52;52;68;63;5;55;44;40;32;42.4168099675;
Morgan;69;58;48;55;49;46;47;43;52;32;33;23;0;
Kendall;8;0;7;0;14;0;6;0;8;0;6;9;11.4761505044;
Opal;0;0;0;0;0;0;0;0;0;0;5;0;5.0676435351;
Adeline;0;0;0;0;5;0;0;0;8;6;8;5;15.3099829668;
Maliya;0;0;0;0;0;0;0;0;0;0;5;0;5.0676435351;
Raine;0;0;0;0;0;0;0;0;5;0;0;7;4.58624798597;
Adelina;0;0;0;0;0;5;0;0;0;0;0;0;1.11351612759;
Madeleine;29;25;27;23;21;31;32;46;37;42;27;34;29.2145713931;
Delilah;0;0;0;0;0;0;0;12;7;8;14;14;23.6227539212;
Quinn;9;8;7;7;11;15;17;11;12;34;37;43;74.4989959222;
Ishmeet;0;0;0;0;0;0;6;0;0;0;0;0;0;
Niamh;0;0;0;0;6;0;0;0;0;0;0;0;3.18381707431;
Nahla;0;0;0;0;0;0;0;0;0;0;0;5;3.6446554132;
Beatrix;0;0;0;0;0;0;0;0;0;0;5;8;10.0484716642;
Alissa;7;9;9;6;5;6;9;0;6;6;5;0;0;
Paityn;0;0;0;0;0;0;0;6;6;5;5;0;5.05645423828;
Amina;5;0;0;0;0;0;0;0;6;0;0;0;0;
Anya;9;8;15;13;8;12;6;19;15;12;19;18;23.4380353303;
Elianna;0;0;0;0;0;0;0;0;0;5;6;5;12.0180327079;
Chelsey;5;0;7;5;0;6;0;5;0;6;0;0;0;
Jordynn;0;0;0;0;0;0;0;0;0;5;0;0;2.48686881901;
Chelsea;32;31;31;31;30;20;25;16;0;30;24;19;26.466452665;
Daya;0;0;0;0;0;0;5;0;0;0;0;0;0;
Amber;51;44;27;45;39;31;21;26;40;22;14;19;0;
Kinsley;0;0;0;0;0;0;0;0;5;11;10;12;24.5229289502;
Meera;0;0;0;0;0;0;0;0;0;0;0;6;4.37358641506;
Kristine;6;9;7;0;0;0;0;0;0;0;0;0;0;
Ainsley;9;11;13;10;7;14;14;14;17;22;17;19;25.1246146789;
Janelle;14;13;10;14;19;8;12;6;12;9;11;6;10.6250144941;
Kristina;12;17;8;9;9;10;10;7;8;0;0;0;0;
Sonya;0;0;0;5;6;7;0;0;0;0;0;0;4.6035513985;
Charis;0;5;0;0;0;0;0;6;0;0;5;0;0;
Kierra;7;9;0;9;0;5;8;7;5;0;0;0;0;
Kaitlyn;94;86;84;68;81;82;86;76;83;73;50;50;14.4153608657;
Kairi;0;0;0;0;0;0;0;0;0;5;0;0;2.48686881901;
Gurneet;5;8;0;5;8;9;7;13;0;0;5;0;0;
Amaya;0;0;5;0;0;7;10;13;10;0;11;16;15.2432011591;
Kennedi;0;0;0;0;0;0;5;0;0;0;0;0;0;
Kaira;0;0;0;0;0;6;0;0;0;0;0;0;1.33621937984;
Mira;0;11;0;9;9;10;10;15;10;10;10;14;18.6921909188;
Nola;0;5;0;0;0;10;0;8;8;5;0;6;1.21853808908;
Amelia;14;39;44;57;59;53;57;62;62;102;90;96;177.852079758;
Maja;0;0;0;0;0;0;0;6;5;0;0;0;0;
Amelie;0;12;17;14;6;9;8;5;7;9;6;17;15.5726945781;
Raina;0;6;6;0;0;0;7;6;11;9;14;14;16.8763455172;
Siobhan;0;5;0;0;7;5;0;0;0;0;0;0;1.63622446062;
Tatianna;0;0;5;0;0;0;0;0;0;0;0;0;0;
Penelope;0;0;0;5;8;5;0;5;14;17;20;28;53.1281960704;
Nancy;0;0;5;0;7;7;5;7;0;0;0;0;0.661045354706;
Milan;0;0;0;5;0;0;0;0;0;0;0;0;1.16236870487;
Carina;5;0;0;6;7;5;0;0;9;8;0;7;13.1946256651;
Celeste;9;5;10;8;13;0;0;5;5;9;5;8;8.3646163616;
Bianca;19;15;12;18;19;17;23;17;16;14;19;18;19.1684482246;
Kiara;26;21;37;25;20;22;23;22;28;19;10;16;0.862501787454;
Cailyn;0;0;0;0;0;0;7;5;0;0;0;0;0;
Shae;10;7;8;7;0;0;0;0;0;0;0;6;0;
Gabriela;7;7;9;11;0;12;11;8;7;13;6;11;6.521855883;
Carla;0;0;0;0;0;0;0;0;0;0;0;8;5.83144854715;
Danika;18;27;14;19;22;32;24;30;34;30;11;20;11.8854324033;
Serena;23;28;23;18;29;19;21;26;21;20;28;21;19.0439433683;
Hallie;0;6;0;7;0;0;0;0;5;0;0;0;0;
Guneet;0;0;0;0;6;0;6;0;7;10;9;10;24.3666522131;
Cloe;0;0;0;6;0;0;5;0;6;0;0;0;0.286466435227;
Janessa;6;5;8;0;6;0;6;0;0;5;0;0;0;
Stefanie;7;0;5;0;0;0;0;0;0;0;0;0;0;
Madelynn;0;6;0;0;0;0;0;0;8;0;0;0;0;
Jessica;181;183;148;160;114;76;80;82;53;62;55;48;0;
Kayleigh;13;9;7;7;12;15;13;10;10;11;11;9;11.0983477897;
Zoya;0;0;0;0;0;0;7;0;0;0;9;9;12.6217509324;
Colleen;5;5;0;0;0;0;0;0;0;0;0;0;0;
Sakura;0;0;0;0;6;0;0;0;0;0;0;0;3.18381707431;
Carly;13;11;10;20;8;11;8;9;0;7;8;9;9.13895386644;
Anisha;6;0;0;11;5;6;9;5;7;5;0;0;1.50248136985;
Ruby;15;22;15;23;30;41;49;36;46;38;40;42;65.4674471296;
River;0;0;0;0;0;0;0;13;5;7;9;14;14.1515112181;
Scarlet;0;0;0;0;0;0;0;0;10;13;7;0;11.8122383312;
Lindsay;23;17;14;12;14;19;15;9;9;8;5;5;0;
Malaika;0;0;0;0;0;0;0;5;0;5;0;0;0.741997876414;
Brooklynn;9;7;14;13;19;29;33;20;29;35;24;29;55.2438219392;
Juliet;0;5;0;6;0;0;0;9;12;16;10;9;18.1526101233;
Paula;0;0;0;0;0;5;7;0;0;0;0;0;0.444711441652;
Alice;15;14;11;12;16;19;20;24;15;29;39;37;58.7392558647;
Sidney;7;15;9;16;11;9;10;12;12;9;0;0;0;
April;16;14;10;13;9;14;7;9;13;5;13;12;6.860136284;
Kenley;0;0;0;0;0;0;0;0;0;0;6;6;9.61267893513;
Gurmannat;0;0;0;0;0;0;0;0;8;0;0;0;0;
Ravleen;0;0;0;0;5;7;0;0;0;7;0;0;8.48359012756;
Eden;16;15;19;16;24;14;33;25;38;25;21;22;23.0386939978;
Aliza;0;0;0;7;0;0;0;6;5;0;0;0;0;
Mannat;0;0;0;0;0;8;19;23;17;20;21;22;30.3996296521;
Paisley;0;0;0;5;0;0;5;5;13;15;14;25;42.2080668013;
Avah;0;0;0;0;0;0;0;0;6;0;0;0;0;
Moriah;5;0;0;0;0;0;0;0;0;0;0;0;0;
Simone;11;12;12;15;8;17;11;13;7;9;8;9;5.24120559503;
Sabrina;35;32;31;26;19;21;17;31;7;16;13;11;0;
Alayna;0;5;0;7;0;5;0;6;7;10;0;6;7.09922391723;
Libby;0;0;0;0;0;5;0;5;0;0;0;0;0;
Harnoor;5;0;8;8;15;20;14;13;5;11;12;13;24.6007869073;
Alanna;9;0;8;6;0;12;5;5;0;9;0;7;4.05208400351;
Denise;6;5;10;0;0;8;0;0;0;0;0;0;0;
Avril;0;0;6;0;0;0;8;0;0;0;0;0;0;
Micah;0;0;0;0;6;6;5;0;5;0;7;7;12.8266763326;
Ameera;0;0;0;0;0;0;5;0;0;0;8;6;10.1416772218;
Vivian;17;13;13;12;12;21;18;19;17;8;16;18;14.6219666092;
Tessa;16;27;21;16;11;32;31;25;22;30;31;24;26.7277806036;
Aileen;5;0;0;0;0;0;0;0;0;0;0;0;0;
Cadence;0;5;10;35;18;21;30;28;17;16;23;15;51.0568882356;
Dorothy;0;7;0;6;0;0;0;0;7;0;0;0;0;
Imogen;0;0;0;0;0;0;0;7;0;6;8;7;15.8220605019;
Lillie;0;0;0;0;0;0;0;0;5;0;0;0;0;
Santana;0;0;0;0;5;0;0;0;0;0;0;0;2.65318089073;
Belle;5;0;0;0;0;0;0;5;6;0;5;0;0;
Bella;7;8;10;10;12;11;14;23;45;33;44;30;64.2848290083;
Charlene;0;7;5;5;7;6;0;0;0;5;0;8;9.11767909058;
Kendra;31;29;28;22;28;21;28;18;15;13;12;13;0;
Diya;0;0;6;12;11;14;12;12;9;14;5;12;27.6912099962;
Jasmeen;14;12;12;11;11;7;6;8;7;5;0;0;0;
Sky;0;0;5;0;5;0;0;0;0;0;0;0;1.31847406847;
Janice;9;10;7;0;5;0;8;7;8;0;0;7;0;
Mckayla;0;0;6;0;0;5;0;0;0;0;0;0;1.19903942609;
Alettalynn;0;0;0;0;0;0;0;0;0;1;0;0;0.497373764255;
Harman;5;0;0;0;0;0;0;0;0;0;0;0;0;
Susan;0;6;5;0;0;0;0;0;0;0;0;0;0;
Acacia;0;6;9;0;6;0;0;5;5;0;0;5;0;
Gurnoor;0;0;5;0;0;10;8;14;14;8;14;14;17.9723784814;
Anureet;0;0;0;7;0;7;5;0;6;0;0;0;3.40770700753;
Rita;0;0;5;0;0;0;0;0;0;0;0;0;0;
Maren;0;0;0;0;6;0;7;0;5;0;0;0;1.19680263536;
Justine;17;10;18;8;8;7;11;6;7;5;6;0;0;
Lisa;15;13;11;12;7;9;0;6;12;9;13;0;0.980546733084;
Kaitlynn;8;0;8;11;5;5;9;11;0;5;0;0;0;
Rachael;20;7;16;9;10;15;17;7;11;6;0;0;0;
Holly;15;30;34;18;32;18;15;27;16;17;25;25;23.8742992394;
Jesse;6;0;5;6;0;7;0;0;6;0;0;0;0;
Leela;0;0;0;0;0;0;0;0;5;0;0;0;0;
Malaya;0;5;0;0;0;5;0;5;0;5;0;0;0;
Freya;0;0;0;0;0;6;5;8;8;13;14;20;33.5384347451;
Mandy;6;9;10;0;0;0;0;0;0;5;0;0;0;
Yolanda;0;0;0;0;0;0;7;0;0;0;0;0;0;
Kaydence;0;0;0;9;9;13;18;8;15;14;10;15;31.8306066203;
Leila;0;9;7;10;10;12;17;19;16;18;18;24;37.2749903153;
Phoebe;12;8;0;7;15;10;12;11;11;10;8;13;13.9948204485;
Genevieve;12;14;14;6;10;15;5;10;5;10;15;9;11.421228038;
Michelle;75;58;52;41;43;37;32;27;22;27;25;19;0;
Livia;11;0;0;5;6;6;14;11;14;0;9;15;12.418169238;
Johanna;8;0;0;6;6;0;6;6;0;5;5;7;8.2280998528;
Sienna;14;17;16;12;39;74;71;62;79;67;65;53;107.260054252;
Jazmine;0;0;5;0;7;5;0;5;0;0;0;0;3.25991559622;
Melia;0;0;0;0;0;0;0;0;8;0;0;0;0;
Cora;0;6;0;5;9;5;11;9;16;15;27;21;50.8928945748;
Evelynn;0;0;0;0;0;0;0;0;0;0;0;6;4.37358641506;
Jaskirat;0;0;0;0;5;0;0;0;0;0;6;0;6.88836251836;
Aniya;0;0;0;0;0;0;0;5;0;0;0;0;0;
Ashton;0;0;0;0;0;5;0;0;0;0;0;0;1.11351612759;
Jordana;8;6;0;0;0;5;0;0;0;0;0;0;0;
Lilian;5;0;0;0;6;0;7;6;6;5;7;0;2.66233021082;
Manroop;0;0;0;0;0;5;8;0;5;5;0;0;1.24442284279;
Alison;16;27;17;13;10;17;10;6;12;6;9;15;0;
Scotia;0;0;0;0;5;0;5;0;6;0;0;0;0.0572486913502;
Jaeda;0;0;0;0;0;6;8;0;0;0;0;0;0.563942966943;
Presley;0;0;0;0;5;22;15;14;17;19;21;16;40.5714247707;
Devon;10;0;6;8;0;8;7;5;0;0;0;0;0;
Carol;0;6;0;0;0;0;0;0;0;0;0;0;0;
Nathalie;0;0;0;0;5;0;5;0;0;0;0;0;1.56180446686;
Tea;5;0;0;0;0;0;0;0;0;0;0;0;0;
Faye;0;0;5;0;5;0;0;6;0;5;0;0;1.68704920401;
Anaya;0;0;0;0;5;0;7;6;6;14;9;13;29.164873092;
Abigale;0;0;0;0;5;0;0;5;0;0;0;0;0.586687998997;
Jiya;0;0;0;0;7;9;8;8;10;11;8;10;21.9742963991;
Kaela;0;0;0;0;5;0;0;6;0;5;0;0;3.13721537882;
Aida;0;0;0;0;0;5;0;0;0;0;0;0;1.11351612759;
Jayna;0;0;5;0;0;0;0;0;0;0;0;0;0;
Breanne;12;7;6;10;5;8;0;0;0;0;0;0;0;
Jayne;0;0;0;0;5;0;0;0;0;0;0;0;2.65318089073;
Lucy;21;19;22;31;26;37;40;49;50;51;55;56;96.7410849529;
Breanna;41;26;33;28;27;26;21;15;16;16;14;7;0;
Isabell;0;0;0;0;0;0;0;0;5;0;0;0;0;
Aanya;0;0;0;0;0;0;0;0;0;7;0;5;8.42079703673;
Jasreet;0;0;0;0;0;0;0;0;0;0;5;5;8.01056566468;
Esme;0;0;0;0;0;0;7;0;10;9;0;8;6.98973135512;
Hanna;26;34;32;18;19;22;19;22;20;12;22;27;2.8827572518;
Kim;0;0;0;0;0;6;0;0;0;0;0;0;1.33621937984;
Memphis;0;0;0;0;0;0;0;0;0;0;0;5;3.6446554132;
Sydnee;0;0;8;0;0;0;0;0;0;0;0;0;0;
Luca;0;0;0;0;0;0;0;0;5;5;0;0;2.61589017531;
Iyla;0;0;0;0;0;0;0;0;10;0;0;6;2.81212079077;
Meaghan;9;0;6;0;0;5;0;0;0;0;0;0;0;
Siena;0;0;5;0;6;9;10;15;9;13;7;8;11.696416731;
Christina;42;39;32;30;20;26;22;15;0;15;8;16;0;
Jazmin;5;0;0;0;0;0;0;0;5;0;0;0;0;
Giselle;6;0;0;0;0;0;0;0;5;0;5;0;0;
Jasmine;89;81;70;80;66;59;55;65;51;51;44;39;0;
Sarah;214;211;173;162;160;170;150;124;116;89;74;87;0;
Lucille;0;0;0;0;5;0;0;6;0;0;7;0;9.60649210637;
Misha;0;0;0;0;0;0;0;0;0;7;0;0;3.48161633423;
Aliya;8;6;5;8;10;10;12;11;12;13;18;12;25.4273055908;
Camille;8;11;10;12;13;5;0;5;9;7;15;8;12.8319694465;
Camilla;0;0;0;0;5;0;0;0;5;5;7;0;9.77586906076;
Jacquelyn;5;0;0;0;0;0;0;0;0;0;0;0;0;
Nyah;7;8;6;9;8;0;6;10;12;7;5;12;6.78976144494;
Alexa;27;32;41;42;35;45;39;45;54;52;59;50;80.1514163561;
Lara;10;8;6;5;7;12;9;7;7;7;8;0;0.297733283657;
Kadence;0;0;0;10;10;14;9;7;5;6;6;10;19.8742587877;
Hunter;6;7;0;5;6;8;6;0;0;5;7;5;7.08493453207;
Ruth;0;10;6;0;8;8;10;6;0;9;5;7;7.92396862739;
Karen;21;16;17;18;10;10;11;5;5;6;0;7;0;
Dayna;15;0;6;5;5;0;0;5;0;0;0;0;0;
Angelique;0;0;5;0;0;0;0;0;0;0;0;0;0;
Teagan;14;7;23;16;16;28;26;20;27;21;34;19;48.6823071743;
Jocelyn;22;20;31;18;23;19;30;22;16;18;12;14;0;
Reegan;0;0;0;0;0;0;0;6;0;0;0;0;0;
Ireland;5;6;10;7;7;6;8;6;5;0;0;0;0;
Jaycee;0;0;0;0;0;0;0;0;0;0;5;0;5.0676435351;
Elissa;5;0;0;0;0;0;5;0;0;0;0;0;0;
Myla;0;0;0;0;0;0;0;0;16;13;12;19;32.443246897;
Keona;5;0;0;0;0;0;0;0;0;0;0;0;0;
Amanpreet;0;5;0;0;0;0;0;0;0;0;0;0;0;
Rochelle;5;0;0;0;0;0;0;0;0;0;0;0;0;
Mia;38;38;30;39;56;53;67;84;78;80;95;75;131.680369225;
Callista;0;5;0;0;0;0;0;0;0;0;0;0;0;
Kenzie;0;7;0;0;0;9;9;14;9;21;21;27;41.234245037;
Tamara;16;17;20;23;11;8;10;8;0;7;9;8;1.34558008601;
Leilani;0;0;0;0;0;0;0;0;5;0;0;0;0;
Suhana;0;0;0;0;0;0;0;0;0;0;5;0;5.0676435351;
Sloane;0;0;0;0;0;0;0;0;8;12;14;15;31.1191228854;
Ashleigh;11;9;12;9;5;7;0;0;8;0;7;0;0;
Stacey;0;0;0;0;6;0;0;0;0;0;0;0;3.18381707431;
Kassidy;9;13;10;11;8;6;8;10;5;8;5;0;0;
Jaya;7;19;15;8;14;16;12;11;17;17;12;7;9.94530344428;
Florence;0;0;0;0;0;0;0;0;5;0;0;9;6.44670950584;
Priya;19;13;20;19;19;25;16;14;14;11;13;6;9.67856980477;
Gia;0;0;0;0;0;6;5;12;11;23;21;24;52.8510590199;
Calla;5;0;5;0;0;8;6;8;6;6;8;9;10.1525601845;
Penny;0;0;0;0;0;0;0;0;0;0;5;7;9.35333610387;
Danica;17;15;15;20;23;46;44;29;41;24;25;15;28.7973998074;
Lacey;0;0;0;0;8;7;7;11;12;11;14;10;28.9374405031;
Wendy;0;6;5;0;6;0;0;0;0;0;0;0;0;
Jessa;0;5;0;0;0;8;0;0;7;5;0;5;3.01472307953;
Danae;9;0;0;5;6;7;0;0;0;0;0;0;0;
Aria;0;0;6;0;9;12;12;13;14;14;33;61;79.1425967948;
Keerat;0;0;0;0;0;0;5;5;7;6;6;7;8.3687802811;
Emmerson;0;0;0;0;0;5;0;0;6;0;0;0;0;
Jolene;5;0;0;5;5;5;0;0;0;5;7;6;11.2606216775;
Zara;0;0;0;10;10;11;18;10;18;13;15;21;40.1241709295;
Hailie;0;0;5;0;5;5;0;0;0;0;0;0;3.43054250561;
Naia;0;0;0;0;0;0;0;0;0;0;6;0;6.08117224113;
Payten;0;0;0;0;0;0;0;0;0;6;0;0;2.98424258339;
Saraya;0;0;0;0;0;0;0;0;0;5;0;0;2.48686881901;
Lena;9;6;7;6;6;0;7;9;9;11;17;14;19.9560034227;
Josephine;16;17;10;21;23;17;15;19;18;13;33;23;38.4067332475;
Melina;6;8;0;7;0;0;9;0;12;5;8;0;0;
Aoife;0;0;0;0;0;0;0;0;0;5;0;0;2.48686881901;
Rory;0;0;8;0;0;0;7;0;0;0;0;0;0;
Alexandria;14;19;14;14;18;10;7;10;15;18;15;17;18.00176905;
Sahana;0;0;0;0;0;0;0;0;0;6;6;6;13.4856248306;
Gursimran;7;0;0;9;5;0;0;0;0;0;0;0;2.71611600481;
Anabelle;0;0;0;0;0;0;0;6;0;6;0;6;2.56058591148;
Emilia;0;9;7;8;15;13;12;9;15;17;9;31;41.175280562;
Emme;0;0;0;0;0;0;0;0;5;0;0;0;0;
Emilie;15;12;12;16;14;8;9;7;5;11;6;6;4.86992414986;
Emma;237;266;6;281;245;6;200;9;228;210;5;265;164.305981914;
Reanna;0;8;0;6;6;0;0;0;0;0;0;0;0;
Zainab;0;0;0;0;5;7;0;0;5;0;0;0;4.85264075235;
Lana;0;0;0;5;0;6;5;7;6;6;6;7;13.3313848395;
Ayana;0;0;0;0;0;0;0;0;0;0;0;5;3.6446554132;
Lauren;126;129;104;109;93;86;78;85;74;52;53;49;0;
Laurel;6;0;0;5;8;0;0;0;0;0;0;6;5.01899097268;
Lucia;6;7;5;11;8;22;15;17;14;15;25;21;38.1095360133;
Ivy;19;7;14;20;24;15;15;20;13;24;31;43;57.6568272629;
Darrah;0;0;0;7;0;0;0;0;0;0;0;0;1.62731618289;
Caitlin;0;43;35;36;37;24;34;15;16;17;14;11;14.721715028;
Aidan;0;0;0;0;0;6;6;0;0;0;0;0;0.706093975208;
Amalia;0;0;0;0;0;6;0;0;5;0;8;0;11.0130512169;
Rhianna;0;0;0;0;0;0;6;5;0;0;0;0;0;
Talia;28;16;20;26;22;22;22;22;21;14;27;22;23.7172091228;
Lucie;0;0;0;0;0;10;0;0;0;0;5;0;6.2058947993;
Katelin;7;0;0;0;0;0;0;0;0;0;0;0;0;
Jaida;8;13;13;6;16;12;12;7;10;12;6;6;5.97166458912;
Zahra;0;7;0;0;5;8;11;11;13;10;8;7;8.43126319874;
Ezra;0;0;0;0;0;0;5;0;0;0;0;0;0;
Mallory;6;5;0;8;0;0;0;0;0;0;5;6;6.03196027737;
Japneet;0;0;0;0;0;0;0;8;0;0;0;5;0.665420274745;
Katarina;15;5;6;8;6;6;6;0;0;5;0;0;0;
Rachelle;6;7;7;0;6;0;0;0;0;0;0;0;0;
Elsa;0;0;8;0;7;6;5;0;7;8;6;11;20.3682895707;
Jayden;26;23;25;8;15;12;11;15;12;9;9;10;0;
Makenna;14;23;20;29;35;25;29;17;24;18;22;25;35.5651592913;
Simar;0;0;0;6;0;0;0;0;0;8;8;0;10.2253346266;
Briana;9;0;9;0;0;8;6;0;0;0;0;0;0;
Shaylene;0;5;0;0;0;0;0;0;0;0;0;0;0;
Toni;6;0;0;0;0;0;0;0;0;0;0;0;0;
Gracie;18;16;26;14;32;22;20;16;28;16;18;13;21.5037376647;
Lylah;0;0;0;0;0;0;0;0;5;0;0;0;0;
Kenna;0;0;0;0;0;0;0;5;0;0;0;0;0;
Emmy;0;0;0;5;0;0;0;0;0;0;0;5;6.00917341432;
Lea;7;0;0;8;0;11;0;7;0;0;5;0;2.52838774944;
Sawyer;0;0;0;0;0;0;0;0;0;5;5;11;16.0996022071;
Trinity;38;39;52;51;42;39;27;30;21;31;18;16;8.52083657132;
Preet;0;0;5;0;0;0;7;0;0;0;0;0;0;
Kalina;6;0;7;0;0;0;0;6;0;0;6;0;0;
Tania;0;7;0;0;0;0;0;0;0;0;0;0;0;
Elaina;0;0;0;0;0;0;0;0;6;5;10;6;15.9913753882;
Phoenix;0;6;9;10;9;6;9;16;23;9;14;6;16.3256581966;
Hadley;0;0;0;0;0;7;7;7;0;6;6;17;18.4285489575;
Elaine;0;8;6;5;8;14;0;8;0;7;11;8;18.2620451538;
Tabitha;0;5;0;0;0;0;0;7;5;0;0;5;0;
Tracy;0;10;5;5;5;8;0;0;0;0;0;0;0.364134923746;
Winnie;6;7;0;0;0;0;0;0;0;0;0;5;0;
Kylie;23;39;51;40;40;35;39;43;31;30;23;36;22.8925564069;
Britney;12;9;0;7;0;0;0;0;0;0;0;0;0;
Marlene;0;0;0;0;0;0;5;0;0;0;0;0;0;
Larissa;14;13;6;11;13;9;9;5;5;0;0;0;0;
Alana;9;7;18;12;12;14;7;14;5;6;6;0;0;
Tiffany;40;24;38;26;32;25;29;24;19;18;11;19;0;
Charlotte;32;47;39;42;50;71;68;69;0;109;113;122;195.355474464;
Eliana;0;8;0;0;10;9;10;13;15;11;19;12;26.3771128667;
Luciana;0;0;0;0;0;0;0;0;0;0;5;0;5.0676435351;
Shiloh;0;0;0;0;0;0;10;0;5;5;0;0;0;
Nadia;20;14;10;13;17;18;22;15;7;14;24;10;16.7401383561;
Bryn;0;5;5;0;6;7;5;0;0;0;8;10;11.5138680102;
Annelise;0;0;0;0;0;5;0;0;0;0;0;0;1.11351612759;
Celina;11;10;7;5;7;6;5;8;0;6;11;0;0;
Celine;5;8;8;7;0;5;0;6;0;0;8;0;0;
Keira;10;0;16;53;66;66;73;79;63;57;57;42;131.879797324;
Geet;0;0;0;0;0;0;0;0;7;0;0;0;0;
Keanna;8;10;7;9;6;6;0;6;0;0;0;0;0;
Sharon;13;9;8;5;10;0;5;0;6;6;0;0;0;
Elizabeth;92;88;100;70;89;79;87;102;98;66;97;84;62.3181825632;
Jaelyn;0;0;5;0;5;6;6;10;6;0;0;7;3.4703603774;
Tyra;17;10;9;8;5;0;0;0;0;0;0;0;0;
Chloe;94;127;116;100;107;130;131;160;0;172;186;143;223.08851483;
Josie;9;8;5;6;5;0;0;7;9;11;13;7;10.6515918105;
Clarissa;5;0;0;0;0;8;6;0;0;5;0;0;0.586783107315;
Shayla;27;17;13;15;11;22;17;15;13;12;8;7;0;
Kaia;7;20;13;16;9;8;18;15;15;18;25;16;23.1184370796;
Manjot;11;10;0;7;0;0;0;0;0;0;0;0;0;
Flora;9;7;6;6;0;0;0;7;5;0;0;0;0;
Maelle;0;0;0;0;0;0;0;0;0;20;11;0;18.529737773;
Sonia;6;9;10;7;5;9;0;7;11;8;8;0;2.76715130313;
Kasey;6;0;0;0;0;5;0;0;5;0;0;0;0;
Kaitlin;29;22;14;10;19;15;7;11;7;6;7;9;0;
Desirae;0;5;0;0;6;0;0;0;0;0;0;0;0.541696768747;
Renae;0;0;0;0;0;0;0;0;0;0;0;5;3.6446554132;
Jacqueline;19;15;17;21;12;13;17;11;16;7;5;0;0;
Tiana;11;21;16;27;21;15;10;16;12;12;7;7;5.62198041142;
Prabhnoor;0;0;0;0;5;0;0;0;0;0;5;5;8.88432050903;
Manmeet;5;0;6;5;0;0;0;5;0;0;6;0;0.0576072951319;
Nina;19;14;11;11;20;15;14;19;25;12;18;29;25.3447421721;
Adison;0;0;0;0;0;0;0;7;0;0;0;0;0;
Marilyn;0;0;0;0;0;0;0;5;0;0;0;0;0;
Aislinn;0;0;0;0;0;0;0;0;5;0;0;0;0;
Jasnoor;0;0;0;0;6;0;0;7;0;0;5;0;6.70239811613;
Nevaeh;0;0;5;14;31;33;47;56;68;58;48;42;87.2192742894;
Marlowe;0;0;0;0;0;0;0;0;0;0;0;5;3.6446554132;
Mackenna;0;8;0;0;0;0;0;0;9;0;0;0;0;
Lexus;0;0;0;0;0;0;0;6;0;0;0;0;0;
Melody;9;12;13;13;14;18;10;15;16;9;12;19;19.7662614538;
Mattea;6;0;0;0;0;5;0;7;13;9;6;7;7.25249938663;
Pearl;0;0;0;0;0;5;0;7;0;0;0;9;5.7575038358;
Reet;0;0;0;0;0;0;0;5;7;11;12;9;21.2189267343;
Samira;0;0;0;0;0;0;0;5;0;0;0;0;0;
Angie;0;5;0;0;0;0;0;5;0;0;0;5;0;
Dallas;0;5;0;7;0;0;0;0;0;0;0;0;0;
Shelby;31;35;28;18;26;27;10;15;12;12;11;8;0;
Alysha;16;20;14;14;7;9;6;0;5;0;0;6;0;
Izabella;0;5;5;0;0;14;10;9;16;16;13;11;17.7086561363;
Irelyn;0;0;0;0;0;0;0;5;0;0;0;0;0;
Abbie;7;0;6;5;0;0;0;6;0;0;0;0;0;
Kyra;35;41;28;34;25;28;25;19;16;10;6;11;0;
Alma;0;0;0;0;0;0;0;0;0;0;0;8;5.83144854715;
Emmeline;0;0;0;0;0;0;0;0;0;0;0;5;3.6446554132;
Asia;11;12;8;10;8;11;9;7;5;8;0;0;0;
Bree;0;0;0;5;0;8;5;0;0;0;5;8;10.6073607025;
Marina;10;11;10;15;16;11;6;10;9;11;7;14;15.1514765013;
Laila;5;0;0;5;5;0;13;0;13;9;13;13;27.2376838108;
Lan;0;0;0;0;5;0;0;0;0;0;0;0;2.65318089073;
Ariah;0;0;0;0;0;0;0;0;0;0;0;5;3.6446554132;
Sadie;16;19;17;33;42;40;60;51;45;38;49;38;73.19534506;
Jordan;47;54;52;57;36;20;37;29;13;13;14;17;0;
Addison;0;0;0;6;12;15;69;60;73;63;70;54;71.8656416551;
Mavis;0;0;0;0;0;0;0;0;6;0;5;8;12.1637186817;
Lina;0;6;0;5;5;0;0;7;12;6;9;0;7.99121960864;
Linda;11;7;0;8;5;0;5;0;5;0;0;0;0;
Simrat;0;6;0;5;0;0;0;6;10;5;0;0;0;
Courtney;35;28;29;20;16;11;13;16;9;6;0;0;0;
Wren;0;0;0;0;0;0;0;0;0;6;0;0;2.98424258339;
Aaliyah;13;16;23;20;26;17;19;24;23;16;19;19;23.8088033874;
Theresa;0;7;8;0;5;6;5;0;5;0;0;0;0;
Bonnie;0;0;0;0;0;7;0;0;0;0;5;5;8.298379528;
Rosemary;5;6;0;5;0;0;0;0;0;0;5;0;0;
Felicity;8;0;0;0;0;5;5;8;5;8;5;0;0.229571805509;
Philippa;0;0;0;0;0;0;0;0;0;0;5;0;5.0676435351;
Shaye;0;0;0;5;0;0;0;5;0;0;0;0;0;
Cindy;15;14;14;11;12;12;7;0;0;0;0;5;0;
Patience;0;0;0;5;0;0;0;5;7;0;0;0;0.0246317478226;
Ivana;0;0;0;0;0;0;0;0;0;0;5;0;5.0676435351;
Aubrey;7;0;0;5;0;10;15;16;18;23;24;39;53.0120437771;
Eisha;0;7;0;0;0;0;0;0;0;0;0;0;0;
Donya;0;0;0;0;0;5;0;0;0;0;0;0;1.11351612759;
Sapphire;0;0;0;0;0;0;0;0;0;5;0;0;2.48686881901;
Ramneet;0;0;0;0;0;0;7;0;0;0;0;0;0;
Jacey;0;0;0;0;0;0;0;7;0;0;0;0;0;
Raven;7;6;8;10;8;7;5;0;5;0;0;6;3.06566466646;
Braelyn;0;0;0;0;0;0;0;0;0;5;0;0;2.48686881901;
Sana;0;0;0;0;0;0;0;6;0;8;0;0;2.01055373501;
Allegra;0;0;0;0;0;0;0;0;0;0;0;6;4.37358641506;
Sloan;0;0;0;0;0;0;0;0;0;0;16;11;22.540218353;
Yasmine;0;0;0;5;0;0;0;5;0;0;0;0;0;
Adelle;0;0;0;0;0;0;0;0;0;0;8;5;10.9821176935;
Francesca;6;0;8;6;6;6;9;8;6;6;14;7;17.9051662383;
Zoie;0;0;0;0;0;0;0;0;0;6;0;5;8.17448199219;
Poppy;0;0;0;0;0;6;6;6;7;8;11;17;24.6870862705;
Layla;6;6;8;14;16;20;21;35;44;39;37;42;75.8284451896;
Alyssa;92;105;83;91;83;67;71;77;63;62;51;40;0;
Bethany;21;21;16;15;13;21;18;6;11;12;13;12;4.62273754931;
Jasmin;17;17;11;15;7;13;15;9;19;8;6;8;0;
Alexandra;106;60;88;71;66;56;54;52;50;50;50;48;0;
Jordanna;0;0;0;0;0;0;0;0;5;0;0;0;0;
Cate;0;0;5;0;0;0;0;6;0;0;0;0;0;
Avleen;0;0;0;0;0;0;0;0;5;0;0;0;0;
Emi;0;0;0;8;0;0;0;0;0;0;6;0;6.11409692631;
Jaiden;9;8;11;5;9;8;0;0;0;6;0;0;0;
Liana;0;0;0;0;0;0;0;7;5;7;0;6;4.7699696093;
Kayla;81;82;59;67;79;69;78;57;64;52;42;42;9.13204754094;
Ayva;0;0;0;0;0;0;7;0;0;6;0;0;0.23485492941;
Elora;0;0;0;0;0;0;0;0;0;5;0;0;2.48686881901;
Nylah;0;0;0;0;0;0;0;0;0;0;7;0;7.09470111567;
Ana;8;12;11;9;9;12;11;5;9;12;12;8;13.0098000854;
Rebekah;11;20;12;9;11;9;12;5;0;8;5;8;0;
Ann;0;0;0;0;5;0;0;0;0;0;0;0;2.65318089073;
Ellia;0;0;0;0;0;0;0;0;0;0;0;5;3.6446554132;
Senna;0;0;0;0;0;0;0;0;5;0;0;0;0;
Jessie;22;20;19;18;15;9;10;12;5;12;12;9;0;
Harley;0;0;0;0;0;0;6;0;5;0;0;5;2.38200397306;
Tori;5;5;6;8;9;0;0;0;0;7;0;0;0.583356832309;
Irene;10;9;0;0;7;9;12;9;9;7;5;0;0;
Daisy;7;10;6;6;15;8;12;11;11;10;9;12;13.7497766672;
Brinley;0;0;0;0;0;0;0;0;0;0;0;5;3.6446554132;
Jenelle;6;0;5;0;0;0;0;0;0;0;5;0;0;
Miah;0;5;0;0;0;5;0;0;0;0;6;0;3.7388823675;
Avary;0;0;0;0;0;0;0;0;5;0;0;0;0;
Komalpreet;0;0;0;0;0;0;0;5;0;0;0;0;0;
Navneet;8;8;0;0;0;0;0;0;0;0;5;0;0;
Joan;5;0;0;0;0;0;0;0;0;0;0;0;0;
Capri;0;0;0;0;0;0;0;0;0;0;7;7;11.2147920192;
Cheyanne;7;0;0;7;7;9;7;0;0;6;5;0;7.43746190384;
Scarlett;0;0;0;7;17;16;25;21;39;46;48;49;120.980023918;
Makayla;40;41;27;25;35;36;33;35;44;42;44;38;37.2024136808;
Alena;0;0;0;5;0;0;5;0;0;5;7;0;9.31196694724;
Grace;126;142;148;142;137;131;116;105;131;111;108;101;87.4222413686;
Cleo;0;0;0;0;6;5;6;0;5;0;0;5;6.25267720471;
Amrit;9;14;12;8;12;7;6;0;0;10;9;7;9.64255536335;
Mylee;0;0;0;0;0;0;0;5;0;0;0;6;2.63853874419;
Tia;20;16;13;19;17;17;16;9;10;10;9;12;6.18518147516;
Kaycee;0;0;0;0;0;0;0;0;5;0;0;0;0;
Calista;0;5;0;0;0;5;0;0;0;9;0;0;2.78897021842;
Esha;6;20;7;10;8;6;8;9;0;5;0;0;0;
Kiley;0;0;0;0;0;5;6;5;0;0;0;0;0;
Rylie;0;0;5;5;10;7;7;8;6;7;8;13;22.2113282063;
Martina;15;11;6;5;0;0;9;0;0;0;5;0;0;
Audrey;9;25;22;25;29;38;49;49;51;66;66;92;145.898143098;
Naiya;0;0;0;0;0;0;0;0;6;0;0;5;2.32887126727;
Reyna;0;0;0;0;0;0;0;0;5;0;0;0;0;
Ayanna;0;0;0;0;0;0;0;0;5;0;0;0;0;
Anica;0;0;0;0;0;0;0;0;0;5;0;0;2.48686881901;
Logan;10;9;10;0;0;6;0;0;9;0;8;0;0;
Juliana;9;12;12;14;10;12;11;7;14;10;12;15;17.0181221932;
Alora;0;0;0;0;0;0;0;0;0;5;0;0;2.48686881901;
Fiona;26;24;24;15;20;27;20;32;25;18;26;32;23.4392657984;
Leona;0;0;0;0;0;0;0;7;0;0;5;5;5.17073334577;
Alethea;0;0;0;0;0;5;0;0;0;0;0;0;1.11351612759;
Jaedyn;0;0;5;0;0;0;0;0;0;0;0;0;0;
Ellianna;0;0;0;0;0;0;0;0;0;0;0;7;5.10251754972;
Harriet;0;0;0;0;0;0;0;0;0;0;6;0;6.08117224113;
Briar;0;0;0;0;0;0;0;0;7;0;0;7;2.82712550708;
Monique;0;0;5;8;6;0;0;5;5;0;0;0;1.43371295616;
Selena;12;26;15;14;14;14;9;17;18;14;12;16;7.02338308837;
Mikaela;10;18;13;10;12;8;14;12;21;16;19;18;19.2276362908;
Ren;0;0;0;0;6;5;7;0;0;0;0;0;2.37571583045;
Juniper;0;0;0;0;0;0;0;0;5;0;0;6;3.46884782223;
Chantel;13;9;10;6;6;0;0;5;7;0;0;0;0;
Jaimie;0;0;0;0;5;0;0;0;0;0;0;0;2.65318089073;
Keisha;0;8;6;10;5;8;0;0;0;0;0;0;1.18230157912;
Jenaya;0;5;0;6;0;0;0;5;0;5;0;0;0;
Hilary;0;0;0;0;6;5;6;0;0;0;0;0;2.44294213267;
Leia;0;0;0;0;0;0;9;0;6;0;0;0;0;
Emily;310;303;300;249;233;234;229;224;201;185;182;195;5.35051675302;
Maisie;0;0;0;0;0;0;8;5;0;5;0;0;0;
Lyla;0;0;0;0;0;7;9;12;18;30;36;23;65.0595207283;
Adelyn;0;0;0;0;0;0;0;0;6;6;0;5;6.54300876196;
Ophelia;0;0;0;0;0;0;0;0;0;5;0;8;10.0816805616;
Autumn;30;29;27;24;28;26;26;39;30;38;47;34;48.5194510245;
Madelyn;7;8;16;20;18;10;22;39;34;23;25;25;35.4020242695;
Adalynn;0;0;0;0;0;0;0;0;0;0;0;7;5.10251754972;
Bronwyn;9;7;6;0;6;8;10;5;11;10;12;7;8.70834819542;
Nikki;5;8;0;0;0;0;0;7;10;0;0;0;0;
Karis;0;0;0;5;6;5;5;10;9;9;8;9;22.0230578659;
Jaina;0;0;0;0;0;5;0;0;0;0;0;0;1.11351612759;
Savanna;8;6;5;10;10;17;6;19;11;9;10;11;14.8185677145;
Adrianna;6;0;7;7;16;7;10;14;21;13;13;15;29.9272481672;
Yasmeen;0;0;0;0;0;0;5;0;0;0;0;0;0;
Louisa;0;0;0;0;5;0;0;0;0;0;0;0;2.65318089073;
Abbigail;0;0;7;0;0;6;6;9;6;10;7;8;10.739917744;
Louise;0;0;6;0;6;5;0;0;6;0;0;0;3.12438071157;
Sally;0;6;6;0;5;0;0;0;0;5;0;0;0;
Paige;75;116;116;107;81;67;64;76;77;56;58;60;15.1307781685;
Iris;10;8;11;9;9;12;13;14;16;13;11;16;14.0756690365;
Gianna;0;5;0;0;8;11;8;9;5;0;17;11;20.2666252283;
Emilee;5;0;0;0;6;0;5;0;0;0;0;7;3.4364874425;
Brenda;7;0;0;0;0;0;0;0;0;0;0;0;0;
Shayna;11;6;6;10;8;0;0;0;0;0;0;0;0;
Karissa;8;8;0;0;7;6;7;0;0;0;6;6;2.32889676621;
Aimee;14;7;15;8;10;5;0;9;9;7;7;7;2.14767212188;
Helena;12;8;8;13;6;15;16;16;15;8;13;9;8.757125645;
Kimberly;14;17;14;12;9;9;9;13;5;8;11;11;0;
Carissa;12;7;9;6;0;0;5;5;0;5;0;0;0;
Riya;10;6;7;13;19;14;12;16;18;13;11;13;24.5898490708;
Jena;0;6;5;0;0;0;0;0;0;0;0;0;0;
Haylie;0;0;0;0;7;6;7;8;0;0;0;0;1.46243184526;
Katherine;57;56;38;48;36;41;36;42;29;28;27;50;11.2896367308;
Kali;9;9;10;8;14;10;13;10;16;9;9;17;15.7568302532;
Andie;0;0;0;0;0;0;0;0;0;0;5;0;5.0676435351;
Monika;5;6;0;0;0;0;0;0;0;0;0;0;0;
Sylvia;10;7;0;0;6;13;7;0;7;8;9;5;8.78104535692;
Justice;0;7;7;0;0;9;5;0;6;0;0;0;0;
Georgina;0;0;5;0;0;0;0;5;0;6;8;0;6.72206272784;
Shea;5;6;6;0;6;0;0;0;0;0;0;0;0;
Jenna;110;93;87;64;68;70;48;28;29;34;19;13;0;
Jolie;0;0;5;6;0;5;5;0;9;5;0;0;3.01866041194;
Bria;6;0;0;0;0;0;0;0;0;0;6;6;5.49744583621;
Veronica;21;21;19;20;18;18;14;13;16;20;12;9;6.07242584289;
Malia;0;7;7;8;7;14;7;11;10;15;14;15;30.1691809234;
Dilpreet;5;0;6;0;0;0;0;0;0;0;0;0;0;
Kristen;20;17;11;12;11;6;8;5;9;5;9;9;0;
Charlee;0;0;0;5;0;0;10;8;5;12;8;10;15.9703780584;
Gillian;6;7;8;10;0;5;7;5;8;0;0;0;0;
Tanya;11;8;5;9;6;14;0;0;0;5;0;0;0;
Lyric;0;0;6;0;0;0;0;0;0;12;0;5;7.9349325856;
Mataya;0;0;0;9;0;0;0;0;8;0;6;0;6.39151152993;
Jenny;13;22;11;10;12;11;11;8;11;8;8;8;0;
Alex;0;0;5;5;6;5;0;0;5;0;0;0;3.58014206867;
Roxanna;0;0;5;0;0;0;0;0;0;0;0;0;0;
Miracle;0;0;0;0;0;0;5;0;0;0;0;0;0;
Annabel;0;0;0;6;0;0;0;0;7;0;7;7;13.0605377933;
Victoria;73;64;58;64;49;54;57;51;55;49;68;74;58.9963978168;
Roxanne;0;0;0;0;0;0;0;0;6;0;0;0;0;
Halle;11;16;14;11;14;11;14;13;12;16;11;18;13.0609948646;
Maisy;0;0;0;0;0;0;0;0;0;0;5;0;5.0676435351;
Crystal;19;17;14;5;6;10;13;10;12;10;0;8;0;
Juliette;0;7;5;8;7;0;7;7;10;8;10;14;18.8425121032;
Norah;0;0;0;0;10;6;10;10;7;14;23;22;44.8569498786;
Macey;0;0;0;0;0;0;7;9;8;12;0;0;2.53107151416;
Caylee;0;0;0;0;0;0;0;0;9;0;0;5;2.35431754255;
Cara;8;0;7;6;0;8;5;17;17;9;17;10;13.9089680289;
Raya;0;0;0;6;10;7;0;8;6;6;9;7;20.3350473826;
Mckenzie;14;7;7;7;8;5;0;7;5;8;7;10;9.82690003205;
Nevada;0;0;5;0;0;0;0;0;0;0;0;0;0;
Vienna;0;0;7;9;8;8;6;18;20;24;30;26;57.4175196715;
Raelyn;0;0;0;0;0;0;0;0;0;0;5;5;8.01056566468;
Riley;14;21;24;28;27;23;29;34;37;38;28;26;42.0715657438;
Constance;0;0;0;0;0;0;0;0;0;0;5;0;5.0676435351;
Madilyn;0;0;0;8;0;0;6;0;8;0;9;0;8.98377664665;
Amira;0;0;0;6;6;10;10;11;16;7;13;18;30.1059526978;
Candice;0;0;0;0;0;0;0;0;0;0;5;0;5.0676435351;
Nya;0;0;7;0;6;0;0;8;8;5;5;6;9.39149160272;
Nimrit;5;0;0;0;0;0;0;0;6;5;8;9;16.4523543745;
Neve;0;0;0;5;0;5;6;0;0;0;8;6;11.3390776196;
Kiarra;0;0;0;7;0;0;0;0;0;0;0;0;1.62731618289;
Jemma;0;0;0;6;6;8;0;0;6;0;8;6;14.975056583;
Siera;0;0;0;0;0;0;5;0;0;0;0;0;0;
Jorja;6;8;9;22;18;27;19;22;9;9;8;7;16.1667707666;
Allison;30;44;25;22;14;29;29;25;20;16;19;18;0;
Stevie;0;0;0;0;0;0;0;0;0;0;0;7;5.10251754972;
Ashlin;0;0;0;0;0;0;0;6;0;0;0;0;0;
Elisha;7;6;0;10;8;0;7;0;8;5;7;12;16.2959250711;
Gwen;0;0;0;0;0;0;0;0;0;7;0;0;3.48161633423;
Milania;0;0;0;0;0;0;0;0;0;0;0;6;4.37358641506;
Arya;0;0;0;0;0;0;0;0;0;0;10;29;29.403736497;
Lyra;0;0;0;0;0;0;0;5;0;0;0;7;3.39845669544;
Linnea;0;8;0;0;0;0;5;0;6;0;0;0;0;
Harsimran;0;6;0;0;0;0;0;6;8;0;7;5;2.27114203663;
Kya;0;0;0;5;5;0;8;0;5;5;0;0;5.58329154472;
Blayke;0;0;0;0;0;0;0;0;0;0;0;5;3.6446554132;
Evelyn;7;13;21;25;14;23;34;26;44;46;60;68;124.940786839;
Katia;0;0;0;0;0;0;0;0;0;0;5;0;5.0676435351;
Aurora;8;13;14;17;19;23;24;16;27;36;34;31;64.7337229004;
Hafsa;0;0;0;0;0;0;0;0;0;0;5;0;5.0676435351;
Katie;32;23;34;28;39;50;35;33;34;26;18;22;21.0426161881;
Megan;140;135;131;115;97;72;62;60;53;41;30;26;0;
Brielle;6;5;5;16;10;11;12;20;25;18;42;34;73.3511370957;
Caleigh;0;5;7;0;0;0;0;0;5;0;8;0;1.58412494157;
Charley;0;0;0;0;0;5;5;5;0;6;8;5;12.416125883;
Noelle;6;6;0;0;7;5;7;10;8;12;5;7;6.38444324254;
Eunice;0;8;5;0;5;0;0;0;0;0;0;0;0;
Jordyn;27;32;61;36;31;36;43;38;34;44;29;28;26.8625622273;
Anne;0;13;12;0;8;9;6;6;0;5;12;8;12.385780227;
Paris;9;13;24;23;6;5;0;0;5;0;0;5;0;
Ria;0;5;8;13;13;10;5;6;0;0;0;0;7.39042302928;
Anna;91;77;80;99;82;84;79;82;78;81;78;74;80.0080424404;
Elodie;0;0;0;0;0;0;0;0;0;0;8;0;8.10822983074;
Rio;0;0;0;0;0;0;0;0;5;0;0;0;0;
Teegan;0;0;0;0;0;5;0;0;0;0;0;0;1.11351612759;
Avery;21;33;43;54;52;63;71;90;102;103;104;138;240.351938184;
Everleigh;0;0;0;0;0;0;0;0;0;11;7;7;17.4551915978;
Elise;15;28;27;23;18;32;22;15;21;28;34;39;52.2154647315;
Maneet;5;6;0;0;0;6;0;0;0;0;0;0;0;
Tina;8;15;9;9;6;0;6;10;9;5;5;0;0;
Elisa;5;6;8;0;6;0;9;6;6;5;0;0;0;
Averi;0;0;0;0;0;0;0;0;0;5;0;0;2.48686881901;
Caitlyn;24;24;34;28;23;28;27;29;20;15;10;16;0;
Harleen;25;20;15;34;18;27;21;28;25;26;20;21;20.779840666;
Adriana;7;11;10;11;15;7;5;15;18;8;14;17;19.9938642644;
Gemma;0;10;10;6;13;13;7;15;15;22;22;19;39.6875296062;
Millie;0;0;0;0;0;0;0;0;0;0;0;6;4.37358641506;
Tasha;6;0;0;0;7;7;0;0;0;0;0;0;0.353956921967;
Ishika;8;0;0;0;0;0;0;0;0;0;0;0;0;
Stella;14;12;17;17;25;20;36;35;54;54;65;72;138.69280887;
Tess;10;8;5;10;0;6;0;5;0;8;0;0;0;
Jazlyn;0;0;0;0;0;0;0;0;0;0;0;6;4.37358641506;
Tayler;5;12;0;6;5;7;0;0;0;0;0;0;0;
Madisyn;5;6;9;7;10;0;0;12;9;5;5;0;0.679962039037;
Taylor;136;125;125;94;86;97;90;118;96;74;64;70;0;
Angela;47;33;41;27;38;28;29;35;23;20;25;30;5.99695886158;
Jaime;11;18;6;8;10;6;10;10;12;0;0;0;0;
Lorelei;0;0;0;0;0;0;0;0;0;0;0;7;5.10251754972;
Robin;8;0;0;11;0;6;0;0;0;5;0;0;5.54377448429;
Alessandra;0;0;0;0;5;0;9;0;0;5;5;13;16.3227806695;
Havana;0;0;0;0;0;0;0;0;0;0;5;0;5.0676435351;
Eryn;5;0;0;5;5;0;0;5;0;0;0;0;0;
Cassandra;45;40;41;23;26;28;25;25;18;12;18;12;0;
Jaylene;0;5;0;0;0;0;0;0;0;0;0;0;0;
Tatum;5;6;0;8;10;9;10;0;0;5;5;9;10.3187754162;
Naya;0;0;0;0;0;0;0;6;0;0;5;0;5.71827019532;
Madelaine;6;5;0;6;5;7;5;0;0;0;0;0;0;
Ember;0;0;0;5;0;0;0;0;8;7;9;9;18.3068573302;
Kaiya;6;12;12;12;10;6;10;14;20;13;10;14;14.3787582519;
Laura;39;25;26;27;26;27;25;16;16;16;11;15;0;
Siya;0;0;0;0;0;0;0;5;0;0;0;0;0;
Frankie;0;0;0;0;0;0;0;5;0;0;7;5;8.47406832064;
Olivia;178;164;208;184;202;198;211;210;243;296;245;274;376.928545724;
Marisa;10;6;15;12;6;7;0;9;5;5;8;0;0;
Anita;9;5;9;0;8;0;5;7;6;0;6;0;0;
Madalyn;5;7;0;0;0;0;6;9;7;0;0;0;0;
Eliza;9;0;5;5;6;9;6;5;6;13;12;12;22.0182545042;
Ekam;0;0;0;0;0;0;0;0;0;6;7;0;8.68608892795;
Japreet;0;0;0;0;0;0;0;0;0;6;0;0;2.98424258339;
Eleanor;0;0;6;7;0;6;10;10;10;15;25;28;54.0681376767;
Sierra;63;75;65;40;49;54;40;44;36;36;35;25;0;
Kaya;6;12;9;9;7;6;7;6;5;8;10;11;11.3419427182;
Aryanna;0;0;0;0;0;0;6;0;5;0;5;0;1.24042516348;
Janna;0;0;0;0;5;0;0;0;0;0;0;0;2.65318089073;
Kenya;0;5;0;6;0;5;0;0;0;0;0;0;1.68545475107;
Savanah;0;0;0;0;5;5;7;0;5;0;6;0;7.49295614937;
Willow;11;12;12;9;12;12;20;16;15;23;30;33;47.6695264758;
Maya;71;96;88;88;118;96;85;111;108;101;90;99;120.865954996;
Kira;18;21;26;16;22;23;17;24;25;16;21;17;14.6875324437;
Madison;196;181;163;162;177;138;130;140;120;110;126;112;34.6737194626;
Margaret;20;21;15;9;8;19;13;19;12;13;14;12;2.02980811926;
Ashanti;0;0;0;5;0;0;0;0;0;0;0;0;1.16236870487;
Ariana;11;17;15;14;10;14;17;27;19;21;29;30;29.9547192163;
Mehar;0;0;0;0;0;0;0;0;0;5;0;6;9.37446567213;
Julianna;13;17;13;19;14;14;11;15;12;13;14;11;11.6910147349;
Yu;0;0;0;0;0;0;6;5;0;0;5;0;1.42150827267;
Lilly;0;0;0;8;6;13;10;17;25;23;20;14;40.599045788;
Naseeb;0;0;0;0;0;0;6;0;0;0;0;0;0;
Fern;0;0;0;0;0;0;0;0;0;0;6;0;6.08117224113;
Maria;42;31;30;38;43;35;34;36;27;34;29;27;28.4630419756;
Shawna;6;0;0;0;0;0;0;0;0;0;0;0;0;
Joyce;5;6;6;5;0;6;0;8;0;6;7;0;0.195708587104;
Asha;0;6;5;8;10;8;9;10;6;9;12;14;24.1896700094;
Marion;0;0;0;0;0;0;0;0;0;0;0;5;3.6446554132;
Lilli;0;0;0;0;0;0;0;0;5;0;0;0;0;
Elyse;0;0;5;10;8;9;11;8;10;6;8;8;21.1530999313;
Rianna;8;6;0;0;0;7;7;5;0;0;0;0;0;
Diana;14;10;6;6;7;9;9;7;10;8;7;12;5.93973624793;
Selah;0;0;0;0;0;0;0;5;0;0;0;0;0;
Katrina;35;32;24;38;29;20;18;12;16;7;13;9;0;
Chiara;0;6;8;7;10;12;0;8;0;6;6;0;9.65640084347;
Arina;0;0;0;0;0;0;0;0;0;0;0;5;3.6446554132;
Saskia;0;0;0;0;0;0;5;0;0;0;0;0;0;
Claudia;10;14;17;8;6;0;7;6;5;8;0;0;0;
Teresa;17;6;8;8;9;0;6;0;5;5;5;0;0;
Mina;0;8;0;0;5;0;6;9;5;5;9;12;10.7614237503;
Mariah;21;17;15;9;10;14;10;20;22;11;20;12;5.16077066426;
Rheanna;5;0;0;0;0;0;0;0;0;0;0;0;0;
Mariam;0;0;7;5;0;0;6;0;8;8;0;7;7.45364518416;
Cecelia;0;0;0;0;0;0;0;0;0;0;0;6;4.37358641506;
Camila;0;0;5;0;0;0;0;7;8;9;7;13;16.2641593822;
Rosie;0;0;0;0;0;0;0;0;6;5;6;7;13.4370497486;
Shianne;0;0;6;0;0;0;0;0;0;0;0;0;0;
Vanessa;35;49;44;48;41;34;35;35;28;27;32;28;18.2604556602;
Matilda;0;0;0;0;0;0;0;0;5;9;15;7;22.8184714469;
Ashleen;0;0;0;12;0;0;6;5;8;6;7;5;12.8610190813;
Kiana;21;15;21;26;25;23;27;24;18;19;22;14;23.3093960821;
Arabella;0;0;0;0;0;0;0;0;13;6;15;14;28.5933628039;
Avani;0;0;0;0;7;0;0;0;12;10;7;7;18.7245442897;
Patricia;13;13;8;9;9;9;6;0;0;8;0;0;0;
Arielle;7;0;6;8;0;9;6;8;8;8;6;12;12.313292195;
Adelaide;0;0;0;0;0;0;7;6;8;14;13;15;29.4997960905;
Ariella;0;0;0;0;0;0;0;0;6;0;0;9;6.10142554745;
Dylan;0;0;13;0;9;7;6;8;0;7;5;14;18.7778777367;
Gurveen;0;0;0;0;0;0;0;0;0;8;0;0;3.97899011404;
Maegan;0;0;0;0;0;0;0;5;0;0;0;0;0;
Lola;0;9;13;14;18;25;22;16;24;28;21;16;46.2173497102;
Tatiana;11;12;12;0;7;9;8;7;0;5;0;0;0;
Arwen;0;0;0;0;5;0;0;0;0;0;7;0;7.79371185138;
Marika;0;5;0;0;0;0;0;0;0;0;0;0;0;
Madisen;5;0;0;0;5;5;0;0;0;0;0;0;0;
Reese;6;0;17;15;10;24;25;21;29;14;21;18;31.3038714958;
Kareena;0;9;0;0;0;0;0;0;0;0;0;0;0;
Naomi;41;21;34;33;49;34;40;43;37;61;53;31;71.9964715222;
Taryn;19;16;19;20;23;17;20;14;8;12;5;0;0;
Emelia;0;0;0;0;6;0;5;5;0;0;5;10;11.3524861005;
Raelynn;0;0;0;0;0;0;0;0;0;0;0;5;3.6446554132;
Monica;12;15;10;18;12;9;8;10;10;0;7;9;0;
Akasha;0;0;0;5;0;0;0;0;0;0;0;0;1.16236870487;
Bridget;6;14;9;7;12;8;8;0;0;8;0;0;0;
Parneet;6;6;7;0;10;9;8;7;8;9;6;7;8.20430748027;
Christine;21;25;10;16;15;18;10;11;0;8;10;9;0;
Carrie;7;6;0;5;0;5;8;7;0;6;0;0;0;
Gina;6;6;11;0;5;5;0;0;0;0;5;5;2.86394803147;
Elly;0;0;5;0;0;0;0;0;0;0;0;6;4.6612438672;
Darby;0;0;0;0;0;5;0;0;0;0;0;0;1.11351612759;
Violette;0;0;0;0;0;0;0;0;0;0;5;0;5.0676435351;
Ella;38;71;123;153;151;155;179;139;145;210;146;175;338.531127704;
Elle;0;6;8;6;7;14;6;8;12;15;12;13;26.7099518417;
Nyla;0;7;0;0;7;8;5;15;7;5;16;6;14.4755709817;
Ryan;0;5;0;6;0;5;10;7;5;0;0;5;0.0192563992692;
Austyn;0;0;0;0;0;0;0;0;0;0;0;7;5.10251754972;
Adria;0;0;0;0;5;0;0;0;0;5;0;0;4.78882204623;
Sehajaal;0;0;0;0;0;0;0;0;0;1;0;0;0.497373764255;
Jasmyn;0;0;5;0;0;0;0;0;0;0;0;0;0;
Elliana;0;0;0;0;0;0;0;0;0;5;0;6;9.37446567213;
Viola;0;0;0;0;0;0;0;0;0;6;0;0;2.98424258339;
Kailee;6;0;7;0;0;0;0;5;5;0;0;0;0;
Isabel;30;26;23;23;42;31;40;38;24;31;38;23;36.6226341449;
Peyton;6;11;11;17;17;23;31;60;67;67;53;42;85.8533046277;
Tanvi;0;0;0;0;0;5;0;0;0;0;0;0;1.11351612759;
Helen;13;10;7;8;13;8;9;5;9;0;7;10;3.44707713359;
Jasmeet;0;0;0;7;0;0;10;0;10;6;0;5;5.82663240257;
Charlie;0;0;5;9;7;9;11;13;0;19;17;27;45.341218157;
Kassandra;9;10;9;8;0;0;0;0;7;0;0;6;0;
Christie;5;0;0;0;0;0;0;0;0;0;0;0;0;
Soleil;5;5;0;6;0;5;5;0;6;10;0;6;1.8104919938;
Alycia;5;0;7;0;0;0;0;0;0;0;0;0;0;
Angel;22;23;10;16;17;12;21;10;11;25;19;16;18.1048895427;
Serenity;0;6;6;10;9;9;11;15;13;21;15;21;37.9370345697;
Adele;0;0;0;5;0;0;0;0;0;5;11;10;19.9712924996;
Kylee;0;12;8;13;13;11;12;10;10;0;12;11;17.2563885241;
Erika;31;17;18;28;24;20;21;20;14;11;14;13;4.78796262577;
Janet;7;7;0;6;0;0;0;0;0;0;0;0;0;
Manveer;0;6;0;0;0;0;0;0;0;5;0;0;0;
Donna;5;0;0;0;0;0;0;0;0;0;0;0;0;
Manvi;0;0;0;0;0;0;0;0;0;0;0;5;3.6446554132;
Marwa;0;0;0;0;0;0;0;0;0;0;0;6;4.37358641506;
Aisha;10;6;12;7;9;8;7;7;10;9;5;6;4.16450026757;
Nova;0;0;0;0;0;0;7;7;11;14;11;20;28.4701478187;
Montana;7;6;10;0;9;0;9;6;0;0;0;0;0;
Alyvia;0;0;0;0;0;0;5;0;8;0;11;0;9.29159932823;
Jaspreet;10;10;0;0;0;0;0;0;0;0;0;0;0;
August;0;0;0;0;0;0;0;6;0;0;0;0;0;
Isabella;95;129;133;122;149;149;168;158;184;167;179;142;218.626861366;
Daphne;9;8;0;7;0;7;7;11;8;10;11;9;7.18169269858;
Isabelle;50;48;39;40;64;61;77;72;49;73;71;60;86.2075935444;
Haven;0;0;0;5;0;0;0;0;0;0;6;5;9.69838763119;
Christy;6;0;0;0;0;0;0;0;0;0;0;0;0;
Katy;0;0;0;5;0;0;0;0;0;5;0;0;3.029005221;
Krista;9;9;9;7;0;7;5;5;7;0;0;0;0;
Abigayle;0;0;0;0;7;0;0;8;0;0;0;0;0;
Jadyn;9;12;11;0;8;6;11;6;5;0;0;0;0;
Lilia;0;0;0;0;0;0;0;0;5;6;0;0;3.0813610461;
Kristy;6;7;6;5;0;0;0;0;0;0;0;0;0;
Sarina;0;0;5;6;0;6;7;8;8;7;0;0;1.57691649905;
Kate;39;39;47;43;40;61;61;49;53;38;35;39;33.4963229646;
Nimrat;0;0;0;0;0;0;0;0;6;0;5;5;8.96263226971;
Fatima;9;6;5;5;0;6;5;5;11;9;7;0;0.587429315535;
Jaclyn;5;8;0;0;7;6;0;0;0;0;0;6;0.390100427633;
Kelly;27;26;22;26;35;19;10;19;11;9;9;11;7.5393544237;
Catriona;0;5;0;5;0;0;0;0;0;0;0;0;0;
Kianna;8;15;10;17;8;7;12;10;16;9;14;6;8.09145746425;
Ryleigh;0;0;0;6;0;7;8;9;10;8;11;6;16.0075124558;
Neha;7;10;6;13;12;9;0;10;6;0;0;0;0;
Eva;14;18;18;18;38;41;47;48;57;57;48;55;95.8324473411;
Kaley;0;0;0;0;0;0;0;0;0;0;5;0;5.0676435351;
Sylvie;0;0;0;0;0;0;6;9;7;5;9;5;6.03071572465;
Eve;9;9;10;11;9;11;11;9;15;9;13;12;15.6456348901;
Tanvir;6;0;0;0;0;0;0;8;0;0;0;0;0;
Lynette;0;0;0;0;0;0;0;0;0;0;0;5;3.6446554132;
Finley;0;0;0;0;0;0;0;0;5;0;5;9;12.2757246568;
Seerit;0;0;0;0;0;0;0;0;0;0;5;0;5.0676435351;
Alessia;0;0;0;0;0;0;0;5;0;5;5;0;5.17586745731;
Muskaan;0;0;12;12;12;9;9;12;8;6;0;0;5.73429075501;
Madyson;10;7;10;0;6;7;10;7;5;5;0;0;0;
Sydnie;5;0;0;0;0;0;0;0;0;0;0;0;0;
Alisha;18;16;12;18;21;23;8;20;14;11;11;11;10.7970335997;
Carolyn;11;7;0;5;6;0;0;0;0;0;0;0;0;
Ma;0;0;0;0;0;0;0;0;0;15;7;8;20.2230165043;
Mya;33;35;53;51;35;51;63;63;64;67;70;59;88.7458849898;
Kimberley;7;6;0;5;7;0;0;0;0;0;0;0;0;
Meagan;8;8;9;6;6;0;0;5;0;0;0;0;0;
Tiara;0;0;0;5;6;0;0;0;0;0;5;0;6.14913676435;
Ashlynn;0;0;0;0;5;7;6;10;5;11;11;10;23.2184227005;
Angelica;11;17;11;8;14;11;7;8;9;9;12;7;7.24580074839;
Sabine;0;5;0;0;0;6;5;0;0;0;0;0;0;
Cameron;10;0;8;0;7;5;9;10;6;6;0;0;0;
Christa;0;6;0;0;0;0;0;0;0;0;0;0;0;
Sabina;0;0;0;0;0;8;0;6;0;0;0;0;0.120612395579;
Cedar;0;0;0;0;0;0;0;5;0;0;0;6;2.63853874419;
Meredith;0;0;0;0;0;0;0;6;0;0;0;0;0;
Willa;0;0;0;0;0;0;0;0;0;5;6;6;12.9852591266;
Chlo;0;0;0;0;8;7;11;10;0;7;13;5;18.3727495512;
Kyanna;0;0;0;0;0;5;0;0;0;0;0;0;1.11351612759;
Amneet;0;5;0;0;0;0;0;0;0;0;0;0;0;
Leah;30;20;34;39;41;33;35;52;58;51;41;67;87.9782308259;
Parker;0;0;0;0;6;0;7;10;10;10;7;10;22.5630213582;
Ashlyn;6;6;0;14;20;11;28;12;27;16;12;14;27.7961055742;
Heather;24;18;16;22;15;14;8;10;5;0;5;8;0;
Summer;17;12;18;31;45;38;30;47;30;54;31;40;86.1512511073;
Jayde;0;5;5;0;7;0;0;0;8;9;10;0;9.99849465424;
Ali;0;0;0;0;0;0;6;0;0;6;0;7;7.25097060532;
Jayda;9;11;15;17;13;10;15;25;21;15;14;15;16.4926492194;
Sequoia;0;5;0;0;0;0;5;0;0;0;6;6;5.31203714482;
Skyler;0;6;0;0;0;6;0;6;0;8;0;13;8.85702661435;
Isis;0;0;0;0;0;5;0;0;6;0;5;0;7.14072024732;
Maleah;0;0;0;0;0;0;0;0;0;5;0;6;9.37446567213;
Stephanie;60;50;55;39;38;38;29;26;19;20;18;17;0;
Jade;46;55;48;49;51;47;28;29;31;35;39;28;30.3185454671;
Mercedes;10;12;9;12;16;12;8;12;9;6;0;5;0;
Jada;27;20;23;28;35;34;25;21;17;19;14;10;15.0083206399;
Cordelia;0;0;0;0;0;0;0;0;0;0;6;0;6.08117224113;
Saige;0;8;0;5;5;10;0;0;5;6;9;5;15.101879003;
Anisa;0;0;5;0;0;0;0;0;0;0;6;0;3.78327654236;
Tianna;18;30;26;17;21;18;13;13;13;12;8;5;0;
Natasha;51;47;52;35;29;35;29;21;20;20;15;10;0;
Emerson;0;0;8;0;11;9;12;11;7;10;6;10;17.5342976297;
Sanjana;0;0;6;0;0;0;0;0;0;0;0;0;0;
Destiny;37;19;19;19;19;20;16;24;15;15;12;15;0;
Allyson;0;5;5;7;6;0;5;0;7;0;0;5;2.90309255852;
Payal;5;0;0;0;0;0;0;0;0;0;0;0;0;
Avneet;18;16;14;16;17;13;16;22;11;19;13;17;11.6544340199;
Lydia;6;10;17;14;13;16;14;20;13;16;19;24;36.4305183779;
Greta;0;0;0;0;0;0;6;0;5;6;0;0;1.18453042097;
Tenley;0;0;0;0;0;0;0;0;0;8;7;9;18.2725314456;
Portia;0;0;0;6;0;0;5;0;6;0;7;0;6.9988038833;
Lindsey;6;6;7;7;6;0;0;0;0;0;0;0;0;
Abigail;86;82;93;117;117;120;112;145;131;121;140;126;206.138094254;
Kaelyn;0;0;9;0;14;13;13;15;11;0;9;8;13.6987465039;
Gwenyth;0;0;0;0;5;5;0;0;0;0;0;0;2.80969565306;
Milla;0;0;0;0;0;0;5;0;10;5;0;7;4.28785169794;
Hana;18;18;18;16;10;12;10;23;16;19;8;12;3.43447049315;
Adalyn;0;0;0;0;0;0;0;0;0;0;7;9;12.546418072;
Natalya;0;5;0;0;0;0;5;6;6;0;0;5;0;
Leanne;7;9;5;5;9;0;8;0;6;5;8;7;9.83447378526;
Leanna;0;0;0;0;0;0;8;0;0;5;0;7;6.32223441231;
Lainey;0;0;0;0;0;0;0;0;0;5;5;0;6.50859216008;
Madeline;43;41;48;35;44;31;27;48;37;30;34;46;22.342370665;
Miley;0;0;0;0;0;0;0;14;6;6;5;5;4.94794118368;
Kelsey;21;23;29;20;10;6;18;9;9;6;10;12;0;
Delaney;12;14;9;12;8;6;6;0;8;0;6;6;0;
Shannon;20;12;11;16;12;8;8;7;6;7;0;0;0;
Felicia;12;0;5;0;7;7;7;7;9;5;6;0;0;
Katerina;7;5;5;7;7;8;0;0;6;5;5;0;4.36373181357;
Ariel;7;13;9;12;17;13;16;11;21;15;8;17;19.2052437777;
Abby;42;30;19;19;37;20;26;23;20;16;14;7;0;
Shaelynn;0;0;0;6;0;0;0;0;0;0;0;0;1.39484236882;
Cathy;0;5;5;0;6;8;0;0;0;5;0;0;5.21600747934;
Caydence;0;0;0;0;0;0;8;0;0;0;0;0;0;
Maiya;5;8;6;0;0;7;0;9;8;8;11;7;5.85776373092;
Natalie;46;65;68;53;64;71;71;67;74;64;69;73;77.649975857;
Divya;0;0;0;0;0;0;0;5;0;0;0;0;0;
Catherine;42;28;25;25;21;28;23;20;17;19;24;19;5.1272669695;
Natalia;11;16;19;12;14;20;28;24;28;27;26;24;27.0477726494;
Eloise;0;0;0;0;0;0;0;0;0;7;13;25;34.2145946908;
Molly;25;23;28;22;13;24;38;38;36;40;41;25;32.1472510333;
Vida;0;0;0;0;0;0;0;5;0;0;0;0;0;
Ally;7;0;0;5;0;6;0;0;0;0;0;0;0;
Sukhman;0;5;7;0;10;5;0;0;7;0;6;8;13.5382093829;
Faith;41;45;53;39;50;41;31;39;43;27;29;41;22.7418249478;
Jia;0;0;5;7;8;5;9;0;7;0;5;5;12.644536222;
India;0;0;0;0;5;0;9;0;0;0;7;0;6.90210503465;
Aneet;0;0;0;0;0;0;0;0;0;6;0;0;2.98424258339;
Meadow;0;0;0;0;6;0;11;7;8;7;6;6;9.73360669564;
Kyah;0;0;0;0;0;0;0;0;0;0;0;5;3.6446554132;
Veronika;0;0;0;0;0;7;7;0;0;6;0;0;3.63855739235;
Ara;0;0;0;0;0;0;0;0;0;0;0;6;4.37358641506;
Amanat;0;0;0;0;0;0;0;9;7;10;0;8;7.00866370673;
Virginia;5;6;0;5;0;0;0;0;0;0;0;5;0;
Tamanna;0;0;0;6;0;0;0;0;0;0;5;0;4.98692340091;
Sofie;0;0;0;7;0;6;5;8;0;8;6;6;15.5507584736;
Michaela;21;22;10;13;19;19;15;10;7;14;7;15;4.86957779855;
Mila;11;9;5;6;11;16;18;25;17;35;69;71;118.524074753;
Kora;0;0;0;0;0;6;0;0;0;0;0;0;1.33621937984;
Dominique;12;6;0;6;5;0;0;0;0;0;0;0;0;
Kara;17;14;18;9;18;12;24;25;27;21;16;15;13.1694818842;
Kaylen;0;0;0;0;0;6;0;0;5;0;0;0;0.920759780766;
Ailish;0;0;0;0;0;0;0;0;5;0;0;0;0;
Kaylee;27;34;34;20;45;37;53;42;50;43;36;41;42.6774870862;
Shanelle;0;5;0;0;0;0;0;0;0;0;0;0;0;
Yuna;0;0;0;0;0;0;0;5;6;8;7;0;8.29690374276;
Casey;14;10;7;7;10;7;7;0;6;0;7;6;0.0339065665668;
Kayley;11;6;6;0;8;6;5;6;5;5;0;0;0;
Arden;0;0;5;5;0;0;0;0;0;0;0;0;0;
Nicola;18;14;14;6;12;7;8;10;8;5;10;0;0;
Shirley;0;0;6;8;0;0;0;0;0;0;5;0;3.22037054215;
Nicole;123;88;91;80;74;64;70;33;46;37;22;25;0;
Evangeline;0;0;0;0;7;12;25;18;23;22;23;20;39.2173829009;
Drew;0;0;5;7;0;0;6;0;0;6;0;5;6.79313758992;
Marie;11;16;6;5;9;0;10;6;11;5;8;5;0;
Melanie;15;13;13;11;13;8;0;8;13;8;9;6;2.59535273138;
Erica;18;22;21;22;20;20;16;12;19;14;13;14;10.6966640032;
Cienna;0;0;0;0;0;0;6;0;0;0;0;5;2.90566000569;
Darya;0;0;0;0;0;0;0;5;0;0;0;0;0;
Nia;0;6;0;6;0;0;8;6;8;0;0;0;0;
Liv;0;0;0;0;0;0;0;6;7;0;6;5;4.74153092793;
Izabel;0;0;0;0;0;0;0;0;0;5;0;0;2.48686881901;
Simrit;5;6;0;11;7;6;5;0;5;0;0;5;3.98508516127;
Thea;11;5;8;16;0;8;13;0;12;8;12;10;16.1568559501;
Bailee;31;0;0;0;0;0;0;0;0;0;0;0;0;
Brittney;10;0;0;0;0;0;0;0;0;0;0;0;0;
Brooklynne;0;0;0;0;0;0;0;0;0;0;5;0;5.0676435351;
Emersyn;0;0;0;0;0;0;6;0;0;5;0;6;5.93084331095;
Charli;0;0;0;0;0;5;0;0;0;0;0;6;4.97168265955;
Kaleigh;0;5;8;11;5;6;5;0;5;9;7;0;8.0060487601;
Iman;0;0;6;0;0;0;7;0;0;0;0;0;0;
Lia;0;0;0;8;0;9;11;7;9;5;11;14;22.4183851103;
Kaylyn;0;0;0;5;0;0;5;0;0;5;0;0;3.52557855348;
Simrin;0;5;0;0;0;0;0;0;0;0;0;0;0;
Bailey;0;28;24;10;18;18;18;26;25;19;21;21;21.3976846605;
Miranda;26;25;26;22;21;19;12;11;10;6;9;13;0;
Adrienne;12;0;0;6;0;0;5;0;0;7;0;5;0.146894279019;
Mirabelle;0;0;0;0;0;0;0;5;0;0;0;0;0;
Lynden;0;0;0;0;0;0;0;0;5;6;0;0;3.0813610461;
Piper;15;14;11;15;13;19;22;27;30;27;28;37;42.6568596091;
Eknoor;0;0;0;0;0;5;0;0;0;0;6;5;8.83169631216;
Sonja;5;5;0;5;6;0;0;7;0;0;0;0;0;
Lilah;0;0;0;0;0;5;8;5;12;13;13;12;27.6271425397;
Kenadie;0;0;0;0;0;0;5;0;0;0;0;0;0;
Melissa;44;38;27;21;27;20;14;18;12;11;10;11;0;
Amrita;0;0;5;0;0;0;0;0;0;0;0;5;3.50718524438;
Zo;0;0;0;0;18;16;13;21;13;24;25;18;53.9908012483;
Aleah;0;0;0;5;0;0;0;6;7;8;9;0;10.4425563713;
Lexi;0;0;6;5;7;6;11;14;10;18;16;26;46.0882386967;
Tahlia;0;0;5;0;0;0;0;0;5;0;0;0;0;
Seerat;0;0;0;0;0;0;0;0;0;12;26;24;48.6898573677;
Sydney;106;108;104;78;88;70;73;62;77;76;51;39;0;
Violet;8;9;0;0;15;19;29;43;44;57;46;66;95.4361290856;
Edith;0;0;0;0;0;0;0;0;0;0;0;6;4.37358641506;
Rihanna;0;0;0;0;0;7;5;9;5;0;0;5;2.96055393763;
Carley;0;0;6;0;0;0;0;0;0;0;0;0;0;
Kailyn;0;0;0;0;7;6;8;0;8;0;6;0;8.86375943516;
Alina;7;5;8;9;8;12;16;13;20;19;14;24;31.591256099;
Klara;0;0;0;0;0;5;0;0;0;0;0;0;1.11351612759;
Mckenna;19;14;18;14;14;17;15;9;11;11;17;9;10.5124517002;
Farrah;0;0;0;0;0;0;6;0;0;0;9;14;16.2093616854;
Karina;0;11;10;7;10;9;13;12;7;16;7;14;17.6119337688;
Elisabeth;8;7;6;7;9;8;6;8;5;0;9;5;4.33302979536;
Saya;0;0;0;0;0;0;0;0;0;5;0;0;2.48686881901;
Mackenzie;115;99;90;90;80;77;75;61;62;68;62;64;10.1597379535;
Ravneet;11;5;6;0;6;6;11;0;7;6;5;9;4.80009573623;
Alisa;0;5;0;0;0;0;0;8;6;0;5;5;0.853914677482;
Anmol;0;13;7;9;6;5;7;6;0;0;0;5;0;
Keely;9;7;7;0;5;5;6;0;0;0;0;0;0;
Ayesha;0;6;0;9;8;0;5;0;0;0;0;0;3.9714621384;
Shyla;7;9;0;0;0;6;10;9;6;7;7;0;0;
Brooklyn;57;38;68;80;70;96;93;120;100;113;111;113;194.007769182;
Neveah;0;0;0;0;0;0;0;0;0;6;0;0;2.98424258339;
Katelyn;48;38;40;44;47;46;41;38;40;42;21;29;14.6062133414;
Saiya;0;0;0;0;0;0;0;5;0;0;0;0;0;
Destinee;6;0;0;0;0;0;0;0;0;0;0;0;0;
Aspen;0;0;5;0;0;0;0;0;0;6;0;5;5.49877941666;
Julie;18;17;19;8;12;9;17;11;15;10;12;12;0.292614118299;
Samantha;154;126;107;114;130;112;89;99;71;74;64;63;0;
Julia;112;112;97;93;96;87;89;82;91;58;63;70;5.95321807537;
Rylan;0;0;0;0;0;0;0;7;6;8;5;0;6.32924559958;
Cristina;0;8;0;0;0;0;0;0;0;0;0;0;0;
Myra;0;0;0;0;0;0;5;12;5;8;5;5;4.86309003123;
Skylar;8;8;12;10;13;6;21;10;11;12;11;19;19.2849409421;
Amanda;75;63;47;49;44;26;39;29;25;15;9;14;0;
Komal;7;6;5;7;0;0;10;6;0;0;0;0;0;
Cailin;56;0;0;0;0;0;0;0;0;0;0;0;0;
Leyla;0;0;0;0;0;0;0;0;0;0;6;0;6.08117224113;
Nikita;5;9;6;0;0;0;0;7;0;10;5;0;0;
Maxine;0;6;0;0;0;6;0;8;0;0;0;0;0;
Harjot;0;0;0;8;0;0;5;0;0;0;0;0;3.15703347874;
Joanne;7;9;7;5;0;8;9;5;6;0;0;6;0;
Joanna;13;15;12;8;9;13;11;6;10;23;11;16;19.0437979879;
Janaya;0;0;0;0;5;0;0;0;0;0;0;0;2.65318089073;
Esther;11;10;13;17;19;13;12;14;11;12;12;11;16.6140031452;
Hillary;0;0;0;0;9;0;6;0;0;0;0;0;3.43164682516;
Harlow;0;0;0;0;0;0;0;0;14;8;5;17;22.2563310071;
Londyn;0;0;0;0;0;0;0;0;0;5;5;6;12.2355109967;
Judy;0;0;0;0;5;0;6;0;0;0;0;0;1.3852439212;
Salma;0;0;0;0;0;0;0;0;5;0;5;0;4.1524776814;
Kirsten;26;13;18;15;19;9;7;9;0;0;0;6;0;
Coco;0;0;0;0;8;0;0;0;5;12;7;5;17.899527203;
Tara;21;17;7;10;14;8;7;9;10;10;0;6;0;
Janine;0;0;0;0;0;0;0;6;0;0;0;0;0;
Callie;9;0;5;9;10;11;15;17;17;18;22;23;41.409183863;
Mei;0;0;0;0;0;0;0;6;0;0;0;0;0;
Chanelle;0;0;0;5;0;9;0;0;0;0;0;0;3.90214447871;
Anika;18;21;24;31;29;23;19;18;21;27;12;17;21.1523530881;
Cynthia;9;14;10;12;10;11;14;11;7;10;15;11;13.0932622738;
Lilliana;0;0;0;0;0;0;0;0;0;0;0;6;4.37358641506;
Jaidyn;0;0;5;5;0;0;5;6;5;6;0;0;1.36622108851;
Hailee;6;7;11;0;16;9;6;0;0;5;0;7;5.51448656505;
Devyn;5;6;0;0;5;10;8;6;0;9;6;6;8.45947837273;
Amy;80;56;62;70;47;41;34;43;41;31;35;19;0;
Robyn;18;13;12;5;12;7;6;13;10;0;0;0;0;
Makena;12;12;10;12;10;12;13;13;19;11;10;14;9.64149682407;
Hailey;104;83;111;124;112;84;85;103;83;89;97;88;97.27299268;
Maddison;11;12;10;9;8;10;18;24;19;24;25;13;21.1187867898;
Prabhleen;0;0;5;0;0;0;0;5;0;0;0;5;0;
Luna;7;5;0;0;0;0;0;8;10;8;18;11;16.1650740797;
Charleigh;0;0;0;0;0;0;0;0;0;0;7;0;7.09470111567;
Isha;12;0;0;0;6;0;5;0;0;0;7;0;0.270258458743;
Miya;6;6;6;0;0;5;9;6;5;8;5;6;2.3065601596;
Hannah;231;212;196;194;189;190;186;150;151;114;129;130;23.1657884854;
Ada;0;0;0;0;7;0;8;9;8;0;10;12;16.1323564086;
Khushi;0;0;8;0;0;5;0;0;0;0;0;0;0;
Averie;0;0;0;0;0;0;0;0;0;5;5;11;16.0996022071;
Carys;0;0;0;10;8;15;12;10;15;15;13;11;35.9347701942;
Davina;0;0;0;0;6;0;0;0;0;0;0;0;3.18381707431;
Sara;62;60;57;54;64;53;47;44;41;33;30;31;0.670942476402;
Dahlia;0;0;0;0;0;0;0;8;5;5;10;0;8.18013083379;
Elysia;6;0;0;0;0;0;0;0;0;0;5;0;0.526140937551;
Cassidy;65;54;44;44;29;28;26;27;22;28;18;17;0;
Kailey;20;9;20;10;11;5;14;17;5;16;9;8;0;
Brittany;21;7;10;5;0;0;0;0;0;0;0;0;0;
Avaya;0;0;0;0;0;0;0;0;0;0;0;6;4.37358641506;
Tehya;0;0;0;0;0;5;5;6;0;5;0;0;0.799762201115;
Milena;0;0;0;0;0;0;0;0;0;0;0;7;5.10251754972;
Myah;5;8;6;9;5;0;15;7;14;0;8;8;0;
Elina;0;0;0;0;6;0;9;0;0;6;5;9;14.6907206848;
Aislynn;0;0;0;0;0;0;0;0;0;0;5;0;5.0676435351;
Elyssa;0;0;5;0;0;6;0;0;0;0;0;0;1.15974963646;
Jodi;0;0;0;6;0;0;0;0;0;0;0;0;1.39484236882;
Kaidence;0;0;0;0;0;0;0;6;0;0;0;0;0;
Annabella;0;0;6;0;9;0;6;0;13;10;8;0;12.5648719735;
Isla;0;5;0;6;7;14;22;52;58;85;83;111;208.490571446;
Annabelle;12;10;5;12;18;14;20;17;21;42;33;33;72.0980232409;
Cecilia;8;6;6;0;5;5;5;10;8;0;8;14;6.74837397271;
Sandra;9;6;0;7;0;5;0;0;0;6;5;0;3.6836571868;
Gloria;8;8;11;9;8;6;9;7;8;8;5;6;3.42345416679;
Makenzie;9;0;0;9;6;8;0;5;11;14;12;6;21.1797050649;
Cheryl;5;0;0;5;0;0;0;0;0;0;0;0;0;
Marlee;0;0;5;0;0;0;6;11;5;5;5;0;1.62954079221;
Aila;0;0;0;0;0;0;0;0;8;0;0;6;2.78787831365;
Savannah;40;29;27;40;27;40;37;47;35;37;33;24;20.3079703056;
Liberty;6;0;0;0;0;0;5;0;0;7;6;0;4.14285710612;
Shakira;0;7;0;0;0;0;0;0;0;0;0;0;0;
London;0;0;0;0;0;6;8;16;17;10;14;20;22.0760879793;
Alexis;66;68;66;84;68;69;69;89;126;100;103;91;128.176545225;
Mikayla;42;31;35;28;36;33;33;31;40;36;31;37;29.7539805212;
Vicky;6;6;0;5;7;0;6;0;0;0;0;0;0;
Kathleen;14;16;16;14;15;9;9;6;0;5;6;5;1.37207320062;
Hazel;0;0;7;9;14;10;19;25;17;29;29;37;75.1661778376;
Kacey;0;0;0;0;0;0;0;0;0;0;0;6;4.37358641506;
Rhys;0;0;0;0;0;0;0;6;6;0;0;0;0;
Alexia;11;11;9;9;0;6;8;14;9;5;9;9;0.242967381604;
Esm;0;0;0;0;0;0;0;5;8;5;5;8;10.3775372582;
Rebecca;81;57;60;46;50;58;39;42;45;28;33;29;0;
Hayden;0;0;0;0;7;6;14;34;24;10;20;10;11.6215257257;
Ever;0;0;0;0;0;0;0;0;0;8;0;0;3.97899011404;
Sofia;24;26;39;47;52;57;55;61;67;64;69;63;125.588978386;
Rhiannon;8;0;12;14;12;7;5;9;0;0;0;0;4.71243099592;
Am;0;0;0;0;8;6;8;5;9;10;9;5;22.1013296165;
Jayme;0;5;0;0;0;0;0;0;5;0;5;0;0.694134497402;
Mehak;0;0;0;0;0;0;0;0;0;7;5;0;7.42065624772;
Ryley;0;0;0;0;0;0;0;6;0;5;0;0;0.308868234736;
Addisyn;0;0;0;0;0;0;0;8;0;8;0;6;3.77686484197;
Rylee;14;10;15;16;14;10;16;29;25;32;27;27;40.0631808131;
Cierra;0;6;10;8;6;5;6;8;0;0;0;5;0;
Rylea;0;0;0;0;0;0;0;0;0;5;0;0;2.48686881901;
Carmen;22;23;26;22;18;14;16;12;16;12;6;9;0;
Dasha;0;0;0;0;0;0;0;0;0;0;5;0;5.0676435351;
Shaylyn;5;0;0;0;0;0;0;0;0;0;0;0;0;
Kamryn;7;14;9;11;9;8;14;7;11;10;12;0;3.47238014141;
Charisse;0;0;0;0;0;0;0;0;5;0;0;0;0;
Rosalie;0;0;0;0;0;0;0;0;6;0;10;10;18.9541875367;
Mae;0;0;0;0;0;0;0;0;0;0;6;0;6.08117224113;
Rhea;9;14;10;10;15;8;21;11;9;6;15;8;8.27562020914;
Yusra;0;0;0;0;0;0;0;0;0;0;0;5;3.6446554132;
Mika;6;7;11;9;7;8;8;5;5;9;16;7;15.577404934;
Karma;0;0;0;0;0;0;0;0;5;0;0;0;0;
Caroline;12;6;9;11;10;14;0;8;7;6;10;9;13.1765251315;
Baylee;0;0;0;0;0;0;0;0;0;0;7;0;7.09470111567;
Navreen;0;0;0;5;0;0;0;0;0;0;0;0;1.16236870487;
Mary;29;32;27;31;24;21;30;20;11;20;15;19;1.09675301349;
Marley;5;5;0;8;9;12;15;23;15;20;13;18;24.9183497932;
Kyla;35;30;40;37;26;34;20;21;19;23;14;13;0.792382101628;
Erin;54;48;50;34;27;38;23;23;13;16;21;7;0;
Mara;0;0;7;0;8;8;0;5;0;6;0;0;7.87509945098;
Navreet;0;0;0;0;0;0;0;0;0;0;8;0;8.10822983074;
Karman;5;0;0;0;0;0;0;0;0;0;0;0;0;
Alivia;0;0;5;0;11;14;9;10;15;17;26;11;46.2063841436;
Dakota;10;20;13;15;23;17;23;14;15;13;8;0;0;
Sahara;0;5;5;0;5;8;7;0;7;5;7;5;12.1214941557;
Valeria;0;0;0;0;0;0;0;0;5;0;0;6;3.46884782223;
Juno;0;0;0;0;0;0;0;5;0;5;0;7;5.13845838514;
Valerie;9;6;10;7;8;7;7;0;8;0;9;7;7.78059617478;
June;0;0;0;0;0;0;0;0;7;11;0;7;10.5830073873;
Elena;12;17;7;16;11;19;13;10;24;21;23;21;36.5343200605;
Jennifer;70;58;50;38;35;30;27;21;20;20;17;19;0;
Trisha;0;0;8;0;0;0;5;0;0;0;0;0;0;
Eleni;0;0;5;0;0;0;0;0;0;6;0;0;1.542999096;
Audrina;0;0;0;0;0;0;0;9;6;15;8;0;11.4979560874;
Isabela;0;0;5;6;6;0;0;5;0;0;0;0;1.39287591788;
Dora;0;0;0;0;0;0;0;0;0;5;0;0;2.48686881901;
Manisha;5;9;0;0;0;0;0;0;0;0;0;0;0;
Mariana;0;0;0;0;0;6;0;5;0;0;0;0;0;
Frances;0;8;7;8;9;9;9;5;7;6;11;9;17.2210048788;
Kaliah;0;0;0;0;0;0;0;0;0;0;0;5;3.6446554132;
Skye;5;6;15;9;10;5;12;7;10;16;10;10;15.8036795831;
Prisha;0;0;0;0;0;5;0;0;0;0;0;0;1.11351612759;
Anneke;0;0;0;0;0;0;0;0;5;0;0;0;0;
Evie;0;0;0;0;0;0;0;0;7;0;9;9;18.5707214046;
Brianna;76;58;52;43;54;43;47;37;34;24;32;23;0;
Brianne;10;6;6;7;8;5;0;5;0;0;0;6;0;
Jasneet;9;0;0;0;0;5;0;0;0;0;0;0;0;
Annalise;0;6;5;0;5;0;0;0;0;7;0;0;0.42350948744;
Sukhleen;0;0;0;5;5;0;0;0;0;0;0;0;2.85182562646;
Nika;0;0;0;0;0;5;0;5;6;8;9;6;17.316943868;
Blake;0;0;0;0;0;0;0;0;0;0;6;10;12.3389531537;
Leena;0;0;0;0;0;0;0;0;7;0;0;8;4.34471786935;
Kiah;0;0;0;0;0;5;0;0;0;0;0;0;1.11351612759;
Makaila;0;0;0;0;0;6;0;0;0;0;0;0;1.33621937984;
Aubrie;0;0;0;0;0;0;0;0;0;5;0;0;2.48686881901;
Sehaj;0;0;0;0;0;0;0;0;5;6;0;6;7.48552222272;
Jersey;0;0;0;0;0;0;0;8;0;0;7;0;0;
Adia;0;0;0;0;0;0;0;0;0;0;5;0;5.0676435351;
Meghan;27;23;31;23;16;19;14;14;13;13;0;0;0;
Anjali;0;8;0;0;5;0;5;0;0;0;0;0;0;
Journey;0;0;0;0;0;0;0;5;5;6;0;6;4.97219925778;
Amisha;6;0;0;5;0;0;0;0;5;0;0;0;0;
Ingrid;6;0;0;0;0;0;0;0;0;0;0;0;0;
Gabrielle;50;45;43;40;47;54;40;39;38;34;24;27;9.36104138732;
Micaela;5;0;0;0;0;0;0;0;0;0;0;0;0;
Maggie;19;18;18;21;15;13;21;22;19;21;17;10;10.4801652416;
Emery;0;0;0;0;0;0;0;0;9;6;17;5;21.4546542192;
Kaylin;5;0;6;0;0;5;8;5;5;0;0;0;0;
Rose;15;10;7;9;15;10;14;13;16;23;17;27;34.6231657424;
Kaylie;5;8;7;6;11;11;14;6;9;11;5;10;11.9477631077;
Rosa;0;5;0;0;0;0;0;5;0;0;0;0;0;
Keziah;0;0;0;7;0;0;6;6;0;0;6;0;3.84435857432;
Jaymie;6;0;6;0;0;0;0;0;0;0;0;0;0;
Coral;0;0;8;5;0;5;0;0;6;0;5;0;3.95633609097;
Yara;0;0;0;0;0;0;0;0;0;0;7;0;7.09470111567;
T;0;0;0;0;6;0;0;0;0;0;0;0;3.18381707431;
Kristin;5;6;0;0;0;0;7;6;6;0;0;0;0;
Hope;15;12;17;16;15;15;12;16;15;9;13;19;15.4127028252;
Elliott;0;0;0;0;0;0;0;0;0;6;0;5;8.17448199219;
Shay;0;0;0;0;0;0;0;0;5;0;0;0;0;
Calleigh;0;0;0;0;0;0;9;0;9;0;5;0;0;
Tyler;0;0;0;10;8;0;5;8;0;8;0;0;7.79267548225;
Alia;0;12;0;6;0;0;0;5;8;5;6;0;0.678313794096;
Puneet;10;12;9;16;10;19;8;13;8;15;0;5;8.97400553966;
Ellen;8;10;0;0;11;0;5;0;6;0;9;5;4.06455949652;
Shania;6;0;10;0;7;5;0;6;8;0;0;5;0;
Henna;0;0;0;0;0;0;0;0;5;0;0;0;0;
Ariya;0;0;0;0;0;0;0;0;0;5;0;15;14.4849288733;
Harveen;7;7;0;0;0;0;5;7;0;5;7;0;0;
Kennedy;28;26;27;29;20;25;34;25;32;19;20;25;12.6527628483;
Priyanka;0;0;0;0;6;0;0;0;0;0;0;0;3.18381707431;
Chantelle;10;12;9;14;7;8;6;7;0;0;5;0;0;
Allie;0;0;5;5;7;5;8;5;6;13;12;11;26.1985251838;
Eileen;8;0;0;5;0;0;0;0;0;0;0;0;0;
Annie;15;23;12;12;8;17;11;11;15;13;14;18;7.37220268051;
Zoe;63;64;75;54;49;51;45;57;71;83;84;76;88.0473263696;
Brook;0;5;0;7;0;7;0;0;5;0;5;0;5.4517957743;
Catalina;0;0;0;0;5;0;0;0;0;0;0;0;2.65318089073;
Maeve;9;0;9;6;6;8;0;5;10;8;9;9;15.1110086815;
Shreya;0;0;5;0;0;0;0;5;0;6;0;0;0.597022797283;
Arianna;11;20;20;17;30;25;38;31;41;39;49;56;92.5190267563;
Muskan;0;0;8;5;8;7;0;0;6;0;0;0;4.51093756718;
Lillian;11;12;20;19;12;23;22;23;24;29;44;50;80.1893526517;
Beth;0;0;0;0;0;0;0;5;0;0;0;0;0;
Isobel;7;5;0;5;0;7;10;7;12;10;12;7;8.62789963513;
Brynn;10;17;15;13;12;17;10;12;16;16;26;23;34.843628252;
Tayla;0;0;0;0;0;7;8;6;0;7;8;0;8.74987787726;
Madysen;0;5;0;0;0;0;0;0;0;0;0;0;0;
Haley;48;38;32;28;13;19;22;24;14;12;10;13;0;
Ginger;0;0;0;0;8;0;0;5;0;7;0;0;6.70855985387;
Rowyn;0;0;0;0;0;0;6;0;0;0;0;0;0;
Taya;20;14;16;15;25;18;15;24;26;23;19;11;18.9255971284;
Estelle;0;0;0;5;0;0;0;7;6;0;0;8;2.39984027972;
Connie;0;0;6;0;0;0;0;0;0;0;0;6;4.20862285602;
Paulina;0;0;0;0;0;5;0;0;0;5;0;0;5.89593050672;
Krystal;0;0;11;0;0;0;0;5;0;0;0;0;0;
Clare;5;8;9;9;7;10;7;7;8;0;6;8;4.55964053461;
Pauline;0;0;0;0;5;0;0;0;0;0;0;0;2.65318089073;
Clara;17;16;14;15;10;27;26;24;21;37;44;52;73.7538794592;
Deborah;0;0;0;9;8;0;0;0;0;0;0;0;4.72608865301;
Manreet;5;5;0;5;0;0;7;0;12;14;13;16;25.6689531663;
Shivani;0;0;0;0;0;0;5;0;0;0;0;0;0;
Georgia;45;59;32;32;45;57;61;45;32;47;57;48;50.6829331607;
Liliana;0;0;0;0;0;6;0;5;9;11;11;5;18.9171505795;
Katelynn;7;9;0;10;5;9;9;0;7;5;0;0;0;
Shyanne;7;0;0;0;5;0;10;11;0;6;0;5;0.977055812868;
Kaila;0;6;5;0;6;0;0;7;0;7;5;5;6.88144001818;
Daniela;7;0;6;5;5;0;9;7;0;7;7;0;1.70586087097;
Gwyneth;0;0;0;0;0;0;0;0;6;5;8;0;8.81458560462;
Cheyenne;18;14;14;16;17;18;14;19;0;5;11;0;0;
Elliot;0;0;0;0;0;0;0;0;5;0;0;5;2.01937536592;
Brenna;12;11;11;12;7;8;9;7;0;10;7;0;0;
Valentina;0;0;0;0;0;6;6;12;15;10;17;15;24.723421391;
Alyson;7;0;6;7;0;0;0;0;0;0;0;0;0;
Alicia;29;46;31;28;22;21;21;19;24;12;20;21;0;
Avalon;0;0;5;0;0;0;0;0;0;8;7;0;7.64375297625;
Rayna;0;0;0;7;0;8;6;9;5;8;0;5;5.13852481679;
Rayne;0;9;0;0;0;10;5;5;8;8;0;7;1.74308244679;
Gwendolyn;0;0;5;0;5;0;0;0;6;8;5;8;14.1814785449;
Jamie;30;26;35;19;17;10;10;10;18;19;11;14;0;
Kinley;0;0;0;0;0;0;0;0;0;9;14;14;28.7285505291;
Jayla;0;0;0;0;5;10;9;11;9;9;7;5;13.0487870506;
Anastasia;11;13;13;11;21;19;20;27;18;10;8;15;10.0082901539;
Kathryn;20;21;22;16;14;8;15;5;10;14;8;10;0;
Yvonne;10;7;5;0;7;0;6;0;0;0;0;0;0;
Astrid;6;0;0;0;5;0;0;0;0;0;0;0;0;
Harneet;0;7;8;11;5;12;7;0;0;10;7;0;10.8208373367;
Athena;12;12;10;9;12;13;15;12;11;15;16;26;26.039704172;
Shaina;0;0;0;0;0;7;0;0;0;0;0;0;1.55892254916;
Neelam;0;5;0;0;0;0;0;0;0;0;0;0;0;
Sukhmani;0;0;7;0;0;0;0;0;5;7;6;5;9.63913583211;
Aya;0;0;0;0;0;7;9;10;0;6;6;8;11.3704444129;
Shaelyn;6;10;0;6;6;0;0;0;0;6;0;0;0;
Renee;13;12;15;11;0;7;9;7;10;6;8;0;0;
Simran;51;35;45;35;38;24;24;32;15;12;17;12;0;
Joey;0;0;0;6;0;6;0;0;0;5;0;0;5.96965957043;
Noor;0;7;6;0;0;7;0;5;5;9;5;0;3.00923917473;
Madilynn;0;0;0;0;0;0;0;0;5;0;5;0;4.1524776814;
Keren;0;0;0;0;0;0;0;0;5;0;0;0;0;
Maci;0;0;0;0;0;0;0;0;0;6;10;12;21.7622018499;
Shaylee;0;5;0;0;0;5;0;5;0;0;0;0;0;
Wynter;0;0;0;0;0;0;0;0;0;6;0;0;2.98424258339;
Cianna;0;0;0;0;0;0;8;0;0;0;6;0;3.74040589715;
Aiyana;0;0;0;5;0;0;0;5;0;0;6;0;5.29794697343;
Tristan;0;7;6;0;0;0;0;0;0;0;0;0;0;
Kathy;6;5;0;0;6;0;6;0;0;0;0;0;0;
Jane;11;20;8;14;14;14;9;11;12;18;15;18;23.7852735765;
Aryana;0;0;0;0;0;6;5;0;5;0;0;6;5.09104379452;
Jana;0;0;0;0;0;0;6;0;0;7;5;9;14.1474045432;
Everly;0;0;0;0;0;0;0;0;0;0;0;8;5.83144854715;
Aikam;0;0;0;0;0;0;0;5;7;7;9;0;9.37939493779;
Harper;0;0;0;0;0;0;0;0;13;10;22;36;58.1464599763;
Alannah;5;0;0;0;0;0;0;0;0;0;0;0;0;
Kiera;12;9;27;31;31;28;30;30;22;17;20;10;32.5379190614;
Aubree;0;0;0;0;0;0;0;0;0;5;17;15;29.3959179362;
Elsie;0;0;0;0;6;0;0;0;7;0;5;10;16.0690056619;
Miriam;7;6;8;0;0;6;12;0;10;7;7;0;0;
Ellie;7;12;11;7;12;16;18;17;25;31;26;31;52.7561759438;
Ryann;0;0;6;5;5;0;0;5;5;0;0;77;58.2278500416;
Pippa;0;0;0;0;0;0;0;5;0;0;5;0;0.62361543309;
Charlize;7;7;0;14;5;8;0;8;0;7;5;7;12.2199921524;
Julianne;12;8;5;5;0;0;9;7;5;5;0;0;0;
Joy;0;8;9;9;8;0;10;10;8;0;6;12;5.38991676462;
Desiree;12;14;16;8;7;5;8;7;7;0;0;0;0;
Ava;48;60;87;103;172;232;236;233;223;5;205;187;267.99783841;
Tanveer;0;0;5;0;0;0;0;0;0;5;0;0;1.07772014843;
Macie;0;0;0;0;6;0;0;0;0;0;0;0;3.18381707431;
Maryn;0;0;0;0;0;0;7;0;0;0;0;0;0;
Samara;0;6;10;6;8;13;8;9;11;12;8;12;20.744407776;
Aurelia;0;0;0;0;0;0;0;0;0;0;6;6;9.61267893513;
Macy;6;10;6;11;9;13;0;7;7;13;12;13;20.7135432086;
Payton;13;19;18;23;29;35;38;64;43;42;53;35;53.364375058;
Ayla;0;15;10;7;16;24;26;32;25;37;27;46;63.6521746657;
Jasleen;23;22;17;24;28;29;19;16;24;0;10;18;5.96292258711;
Katharine;0;0;0;0;6;0;7;0;0;0;0;0;1.69611478492;
Ciara;13;10;9;0;21;30;20;21;0;18;14;10;17.9206320803;
Winter;0;0;0;0;0;0;0;0;0;5;0;6;9.37446567213;
Cali;0;0;0;5;6;0;7;10;12;11;18;13;32.4150679955;
Chanel;8;7;0;0;7;7;7;0;11;0;5;6;2.96758365454;
Mischa;0;0;0;0;0;0;7;8;0;5;0;0;0;
Yasmin;9;0;0;6;0;0;0;6;0;0;5;0;0;
Japji;0;0;0;0;0;0;6;8;0;5;16;6;18.5394854477;
Blaire;0;0;0;0;0;0;0;0;0;0;5;0;5.0676435351;
Raquel;8;0;5;7;0;0;0;0;5;0;0;0;0;
Reagan;0;0;7;0;0;0;0;0;0;5;0;6;5.32303322517;
Claire;55;56;56;55;56;62;88;79;97;88;84;88;88.7293775028;
Ocean;0;8;0;6;10;6;7;0;5;0;5;0;7.48630657658;
Claira;0;0;0;0;0;0;0;0;0;0;0;5;3.6446554132;
Whitney;0;0;0;0;0;0;0;0;0;5;5;6;12.2355109967;
Aleena;0;0;12;0;6;5;6;0;0;0;7;7;12.1191788113;
Karla;0;0;6;0;0;0;0;0;0;0;0;0;0;
Leighton;0;0;0;0;0;0;0;0;12;0;9;0;7.27977020623;
Chantal;13;13;9;7;6;8;0;6;0;0;0;0;0;
Olive;0;0;0;0;0;0;0;15;11;17;23;15;35.2588440142;
Cassia;0;0;5;0;0;0;0;0;0;0;5;0;2.88509219723;
Cassie;0;5;5;0;7;0;0;6;0;7;6;7;11.2800499779;
Heidi;13;13;11;10;11;15;17;24;17;17;15;15;14.141025862;
Charlise;0;0;0;0;0;0;5;0;0;0;0;0;0;
Sage;14;20;7;12;15;25;18;13;17;14;14;11;12.2608474164;
Tanisha;7;8;11;8;9;8;14;0;0;0;0;0;0;
Zoey;10;13;13;12;13;17;24;31;40;36;47;83;105.190411006;
Lauryn;12;13;14;7;10;6;9;9;8;11;9;0;0;
Mabel;0;0;0;5;0;0;0;0;0;0;0;8;8.17672193986;
Alexus;0;0;0;0;0;0;0;0;9;0;0;0;0;
Malika;0;5;0;5;0;0;0;0;0;0;0;0;0;
Keeley;0;0;0;0;0;7;5;0;0;0;0;0;0.959165861403;
Lili;0;0;0;0;0;0;0;7;0;0;0;0;0;
Maryam;5;0;5;0;6;11;8;6;9;17;5;16;23.2498257358;
Lila;0;0;0;5;0;8;13;16;18;19;21;15;28.5657998684;
Andrea;27;26;23;22;28;12;19;17;20;13;13;13;0;
Pyper;0;0;0;5;0;0;0;0;0;5;5;0;6.46840526349;
Deanna;9;8;0;5;6;0;5;0;9;0;0;0;0;
Lily;26;43;46;64;77;83;118;122;152;128;129;121;209.466367339;
Jewel;11;0;6;8;0;6;0;6;0;0;0;10;0.385932157339;
Hayley;30;42;36;22;18;25;24;21;22;15;16;11;0;
Aliyah;9;16;16;18;12;14;16;12;19;19;26;17;29.1140514269;
Selina;0;6;9;10;12;11;13;14;15;9;10;9;17.7229521558;
Rowan;8;8;13;10;14;18;28;27;22;12;20;12;16.4956566997;
Jaden;12;16;13;12;12;8;0;0;0;0;5;0;0;
Annika;27;27;44;32;43;34;36;27;35;26;36;28;41.0043835684;
Khloe;0;0;0;0;0;0;0;0;17;13;26;35;65.0941716411;
Noa;5;0;5;0;5;6;0;0;0;0;7;0;5.26026083495;
Haylee;9;0;12;10;9;12;6;16;15;7;13;8;15.437191456;
Pavneet;5;0;5;0;0;0;0;6;0;0;5;0;0;
Petra;5;0;0;0;0;0;5;6;7;6;0;0;0;
Camryn;27;23;20;19;19;24;14;24;15;13;11;8;0;
Daniella;7;8;6;13;8;0;13;8;9;5;8;8;5.1922364811;
Danielle;53;54;49;38;43;34;33;25;24;15;9;21;0;
Shia;0;0;0;0;0;0;0;0;6;0;0;0;0;
Manpreet;10;0;6;0;0;0;0;0;0;0;0;0;0;
Abbey;8;13;11;13;12;5;7;9;9;0;0;0;0;
Gabriella;21;19;24;30;24;28;41;41;40;41;37;30;44.5019455066;
Lynnea;0;0;0;0;0;5;0;0;0;0;0;0;1.11351612759;
Reina;0;0;0;0;0;0;0;0;6;0;5;8;12.1637186817;
Vivienne;0;0;0;0;0;0;0;5;0;11;9;11;23.4872249157;
Gurleen;20;22;23;41;25;23;22;32;22;22;21;18;22.6816151573;
Cayleigh;0;0;0;0;0;0;0;0;0;0;7;0;7.09470111567;
Nadine;5;7;6;6;5;5;7;0;0;0;0;5;0;
Avelyn;0;0;0;0;0;0;0;0;0;0;6;0;6.08117224113;
Vera;0;0;0;0;0;0;5;0;0;6;6;0;9.03597026485;
Rachel;125;106;126;102;90;77;76;47;56;41;40;35;0;
Savana;0;0;0;0;0;5;0;0;5;0;0;0;0.230291988233;
Kallie;0;0;5;0;0;0;0;0;0;6;5;0;5.18123945406;
Jillian;22;15;24;18;9;12;17;14;20;17;12;14;4.73158038769;
Izabelle;0;0;0;0;0;0;0;0;5;0;0;0;0;
Kayden;0;0;0;0;0;0;5;7;0;0;0;0;0;
Thalia;8;0;0;0;5;0;5;0;0;0;0;0;0;
Dana;10;5;11;8;17;0;6;5;5;7;8;0;5.17505115298;
Beatrice;0;5;0;0;7;0;0;7;8;10;6;11;16.4325272236;
Dani;0;0;0;0;0;0;0;0;5;0;0;0;0;
Kirandeep;0;0;0;6;0;0;0;0;0;0;0;0;1.39484236882;
Mona;0;0;0;8;0;0;0;0;0;0;0;0;1.8597898967;
Caris;0;0;0;0;0;0;0;0;6;0;0;0;0;
Sophie;63;65;86;75;71;90;129;136;136;129;137;127;153.858830191;
Addyson;0;0;0;0;0;6;5;0;11;11;13;5;22.6715053161;
Colette;5;0;0;0;0;0;0;0;0;0;0;0;0;
Sophia;96;111;109;128;134;157;213;195;226;210;227;232;339.258751856;
Harmony;7;13;10;9;13;7;5;7;15;9;10;13;13.4215954752;
Marin;0;0;0;7;0;5;0;9;6;0;11;7;19.1373524933;
Teanna;0;0;0;0;5;0;0;0;0;0;0;0;2.65318089073;
Maia;14;16;16;19;14;20;23;17;31;17;10;12;8.42930258825;
Joelle;9;6;5;0;0;0;7;0;6;6;5;7;0;
Tegan;5;0;6;0;7;8;15;7;13;10;7;6;9.44220278675;
Ashley;135;120;128;101;80;82;64;64;40;31;43;31;0;
Ashlee;9;13;12;0;6;0;8;6;0;0;0;0;0;
Bernice;8;0;6;0;0;7;7;10;6;5;5;0;0;
Regan;5;9;5;7;5;0;5;0;0;0;5;0;0;
Jazmyn;0;0;0;0;0;0;0;0;0;0;5;0;5.0676435351;
Antonia;0;0;0;6;0;0;0;0;0;0;0;0;1.39484236882;
Sasha;17;16;20;15;18;23;29;16;20;18;22;13;18.0323874689;
Lexie;0;0;0;0;0;0;6;5;7;12;8;7;15.0653858828;
Marissa;25;23;24;37;41;20;24;10;15;15;11;8;17.5039127965;
Jordis;0;0;0;0;0;7;0;0;0;0;0;0;1.55892254916;
Syra;0;0;0;0;0;0;0;0;6;0;0;0;0;
Nora;6;7;0;6;11;10;9;12;19;10;23;27;40.7474130099;
Darian;6;0;0;0;0;0;0;0;0;0;0;0;0;
Celia;6;0;6;0;0;0;0;7;0;0;0;0;0;
Alaina;0;0;0;0;0;0;0;5;9;8;8;0;9.18393186714;
Janae;5;0;0;0;0;0;5;0;0;0;0;0;0;
Priscilla;0;6;0;0;5;0;0;0;0;0;0;5;2.58404077581;
Amara;7;0;0;0;0;0;13;8;11;0;8;7;4.10329918457;
Kirat;0;0;0;0;0;0;0;0;0;6;6;0;7.81031064338;
Keara;0;0;0;0;0;5;0;0;0;0;0;0;1.11351612759;
Angelina;42;42;39;32;53;41;41;35;31;15;19;22;0.0831869522932;
Angeline;0;7;0;0;5;0;0;5;0;0;6;5;5.21968086131;
Anja;0;9;0;0;5;0;5;0;5;0;0;0;0;
Trista;0;0;9;0;5;6;0;0;0;0;0;0;3.88313997683;
Skyla;0;0;0;7;6;0;8;10;12;11;8;9;19.0210887784;
Kiran;11;0;10;9;5;6;8;0;0;0;5;0;1.00844417182;
